9 1 659 337 131 155 -1 -1 -1 0
9 2 793 350 88 122 -1 -1 -1 0
10 1 649 345 94 152 -1 -1 -1 0
10 2 802 346 97 125 -1 -1 -1 0
11 1 634 343 88 154 -1 -1 -1 0
11 2 801 337 105 125 -1 -1 -1 0
12 1 628 340 107 154 -1 -1 -1 0
12 2 794 339 91 118 -1 -1 -1 0
13 1 621 350 126 164 -1 -1 -1 0
13 2 788 331 89 119 -1 -1 -1 0
14 1 597 354 90 158 -1 -1 -1 0
14 2 794 329 108 136 -1 -1 -1 0
15 1 589 353 86 160 -1 -1 -1 0
15 2 789 329 98 126 -1 -1 -1 0
16 1 584 347 118 156 -1 -1 -1 0
16 2 783 324 80 129 -1 -1 -1 0
17 1 570 355 149 171 -1 -1 -1 0
17 2 786 319 96 128 -1 -1 -1 0
18 1 557 362 102 169 -1 -1 -1 0
18 2 785 322 101 129 -1 -1 -1 0
19 1 541 358 98 171 -1 -1 -1 0
19 2 774 321 73 130 -1 -1 -1 0
20 1 542 358 123 173 -1 -1 -1 0
20 2 777 318 84 128 -1 -1 -1 0
21 1 528 364 150 177 -1 -1 -1 0
21 2 776 319 105 129 -1 -1 -1 0
22 1 513 369 101 171 -1 -1 -1 0
22 2 780 322 78 132 -1 -1 -1 0
23 1 498 373 90 176 -1 -1 -1 0
23 2 774 323 64 129 -1 -1 -1 0
24 1 486 363 133 171 -1 -1 -1 0
24 2 767 320 107 136 -1 -1 -1 0
25 1 464 367 162 173 -1 -1 -1 0
25 2 762 326 101 135 -1 -1 -1 0
26 1 448 378 115 170 -1 -1 -1 0
26 2 750 325 81 129 -1 -1 -1 0
27 1 422 375 86 173 -1 -1 -1 0
27 2 761 322 77 133 -1 -1 -1 0
28 1 433 368 118 185 -1 -1 -1 0
28 2 764 325 109 136 -1 -1 -1 0
29 1 423 374 150 184 -1 -1 -1 0
29 2 779 331 83 135 -1 -1 -1 0
30 1 425 382 108 178 -1 -1 -1 0
30 2 788 336 72 134 -1 -1 -1 0
31 1 414 377 86 182 -1 -1 -1 0
31 2 804 334 97 131 -1 -1 -1 0
32 1 419 369 130 180 -1 -1 -1 0
32 2 817 342 107 137 -1 -1 -1 0
32 6 73 356 57 186 -1 -1 -1 0
33 1 405 374 163 187 -1 -1 -1 0
33 2 827 345 74 134 -1 -1 -1 0
33 6 133 355 80 176 -1 -1 -1 0
34 1 410 379 117 183 -1 -1 -1 0
34 2 830 342 77 135 -1 -1 -1 0
34 6 183 357 78 174 -1 -1 -1 0
34 7 29 305 47 160 -1 -1 -1 0
35 1 396 377 80 184 -1 -1 -1 0
35 2 837 344 98 155 -1 -1 -1 0
35 6 225 352 70 170 -1 -1 -1 0
35 7 71 304 55 152 -1 -1 -1 0
35 8 42 417 76 178 -1 -1 -1 0
36 1 401 372 104 185 -1 -1 -1 0
36 2 848 353 97 155 -1 -1 -1 0
36 6 265 351 63 164 -1 -1 -1 0
36 7 115 300 52 152 -1 -1 -1 0
36 8 85 416 79 179 -1 -1 -1 0
37 1 394 372 135 182 -1 -1 -1 0
37 2 856 358 74 150 -1 -1 -1 0
37 6 309 353 62 170 -1 -1 -1 0
37 7 159 300 55 150 -1 -1 -1 0
37 8 132 414 78 173 -1 -1 -1 0
38 1 401 376 88 177 -1 -1 -1 0
38 2 872 359 85 164 -1 -1 -1 0
38 6 347 353 60 172 -1 -1 -1 0
38 7 207 297 56 151 -1 -1 -1 0
38 8 178 411 67 172 -1 -1 -1 0
39 1 392 370 57 178 -1 -1 -1 0
39 2 882 368 113 167 -1 -1 -1 0
39 3 31 265 59 138 -1 -1 -1 0
39 6 388 355 52 164 -1 -1 -1 0
39 7 247 293 53 146 -1 -1 -1 0
39 8 222 410 74 176 -1 -1 -1 0
40 1 397 366 95 180 -1 -1 -1 0
40 2 889 372 104 164 -1 -1 -1 0
40 3 70 266 61 133 -1 -1 -1 0
40 6 423 356 51 169 -1 -1 -1 0
40 7 283 294 60 144 -1 -1 -1 0
40 8 267 406 71 174 -1 -1 -1 0
41 1 394 360 106 175 -1 -1 -1 0
41 2 888 373 79 161 -1 -1 -1 0
41 3 106 261 63 128 -1 -1 -1 0
41 6 460 355 50 172 -1 -1 -1 0
41 7 316 289 79 146 -1 -1 -1 0
41 8 310 400 70 171 -1 -1 -1 0
42 1 415 362 85 164 -1 -1 -1 0
42 2 897 378 70 169 -1 -1 -1 0
42 3 148 264 69 129 -1 -1 -1 0
42 6 489 354 56 172 -1 -1 -1 0
42 7 348 288 82 144 -1 -1 -1 0
42 8 346 397 72 173 -1 -1 -1 0
42 9 29 476 57 253 -1 -1 -1 0
43 1 435 355 65 171 -1 -1 -1 0
43 2 902 385 76 169 -1 -1 -1 0
43 3 187 260 60 122 -1 -1 -1 0
43 6 517 348 67 175 -1 -1 -1 0
43 7 387 286 80 143 -1 -1 -1 0
43 8 388 395 69 172 -1 -1 -1 0
43 9 66 468 86 242 -1 -1 -1 0
44 1 442 351 82 169 -1 -1 -1 0
44 2 904 400 96 156 -1 -1 -1 0
44 3 224 259 54 122 -1 -1 -1 0
44 6 554 349 59 175 -1 -1 -1 0
44 7 422 288 87 142 -1 -1 -1 0
44 8 436 393 60 165 -1 -1 -1 0
44 9 105 468 78 234 -1 -1 -1 0
44 10 37 331 68 194 -1 -1 -1 0
45 1 455 347 91 161 -1 -1 -1 0
45 2 924 405 102 150 -1 -1 -1 0
45 3 256 260 72 110 -1 -1 -1 0
45 6 582 349 65 173 -1 -1 -1 0
45 7 456 286 105 142 -1 -1 -1 0
45 8 470 397 68 158 -1 -1 -1 0
45 10 69 323 93 184 -1 -1 -1 0
45 9 139 464 92 235 -1 -1 -1 0
46 1 462 351 103 154 -1 -1 -1 0
46 2 929 393 85 147 -1 -1 -1 0
46 3 283 258 64 119 -1 -1 -1 0
46 4 66 519 113 256 -1 -1 -1 0
46 6 611 351 68 176 -1 -1 -1 0
46 7 483 292 103 134 -1 -1 -1 0
46 8 501 394 61 159 -1 -1 -1 0
46 10 101 329 96 187 -1 -1 -1 0
46 9 177 465 82 231 -1 -1 -1 0
47 1 489 354 93 155 -1 -1 -1 0
47 2 922 381 72 155 -1 -1 -1 0
47 3 300 258 59 117 -1 -1 -1 0
47 4 121 511 84 253 -1 -1 -1 0
47 6 633 352 64 170 -1 -1 -1 0
47 7 500 287 90 139 -1 -1 -1 0
47 8 524 399 65 163 -1 -1 -1 0
47 10 120 325 102 178 -1 -1 -1 0
47 9 203 464 86 229 -1 -1 -1 0
48 1 510 344 91 163 -1 -1 -1 0
48 2 920 369 81 165 -1 -1 -1 0
48 3 306 257 54 119 -1 -1 -1 0
48 4 154 517 85 265 -1 -1 -1 0
48 6 648 349 58 168 -1 -1 -1 0
48 7 519 293 90 147 -1 -1 -1 0
48 8 538 398 64 156 -1 -1 -1 0
48 10 138 324 107 173 -1 -1 -1 0
48 9 222 460 87 231 -1 -1 -1 0
49 1 532 346 85 163 -1 -1 -1 0
49 2 918 359 79 155 -1 -1 -1 0
49 3 309 258 62 121 -1 -1 -1 0
49 4 184 513 112 257 -1 -1 -1 0
49 6 662 342 51 176 -1 -1 -1 0
49 7 534 293 84 148 -1 -1 -1 0
49 8 550 396 66 162 -1 -1 -1 0
49 10 162 330 103 179 -1 -1 -1 0
49 9 236 457 78 236 -1 -1 -1 0
50 1 553 351 113 164 -1 -1 -1 0
50 2 914 352 70 151 -1 -1 -1 0
50 3 302 265 66 115 -1 -1 -1 0
50 4 218 515 111 244 -1 -1 -1 0
50 5 32 365 63 204 -1 -1 -1 0
50 6 671 332 45 176 -1 -1 -1 0
50 7 549 299 70 154 -1 -1 -1 0
50 8 565 393 63 159 -1 -1 -1 0
50 10 179 326 105 185 -1 -1 -1 0
50 9 240 453 81 236 -1 -1 -1 0
51 1 568 354 117 155 -1 -1 -1 0
51 2 913 349 78 154 -1 -1 -1 0
51 3 303 268 73 106 -1 -1 -1 0
51 4 245 510 101 242 -1 -1 -1 0
51 5 43 367 74 200 -1 -1 -1 0
51 6 677 325 52 168 -1 -1 -1 0
51 7 570 294 61 144 -1 -1 -1 0
51 8 568 384 65 165 -1 -1 -1 0
51 9 253 452 66 235 -1 -1 -1 0
51 10 193 324 105 181 -1 -1 -1 0
52 1 588 353 112 160 -1 -1 -1 0
52 2 919 345 75 151 -1 -1 -1 0
52 3 301 271 78 107 -1 -1 -1 0
52 4 278 515 67 254 -1 -1 -1 0
52 5 53 366 73 198 -1 -1 -1 0
52 6 685 324 62 167 -1 -1 -1 0
52 7 581 292 58 142 -1 -1 -1 0
52 8 580 381 68 160 -1 -1 -1 0
52 9 270 444 69 221 -1 -1 -1 0
52 10 208 329 100 184 -1 -1 -1 0
53 1 611 355 85 163 -1 -1 -1 0
53 2 918 337 66 140 -1 -1 -1 0
53 3 293 274 71 100 -1 -1 -1 0
53 4 309 504 98 244 -1 -1 -1 0
53 5 62 367 78 197 -1 -1 -1 0
53 6 689 328 53 169 -1 -1 -1 0
53 7 585 288 56 144 -1 -1 -1 0
53 8 596 381 83 158 -1 -1 -1 0
53 9 271 442 77 223 -1 -1 -1 0
53 10 222 326 92 178 -1 -1 -1 0
54 1 633 346 72 173 -1 -1 -1 0
54 2 904 334 59 143 -1 -1 -1 0
54 3 282 270 63 103 -1 -1 -1 0
54 4 340 510 131 242 -1 -1 -1 0
54 5 70 369 77 198 -1 -1 -1 0
54 6 692 330 47 161 -1 -1 -1 0
54 7 596 284 50 144 -1 -1 -1 0
54 8 606 380 85 155 -1 -1 -1 0
54 9 284 445 75 225 -1 -1 -1 0
54 10 240 325 68 179 -1 -1 -1 0
55 1 650 344 75 168 -1 -1 -1 0
55 2 900 331 53 133 -1 -1 -1 0
55 3 276 270 59 99 -1 -1 -1 0
55 4 359 515 139 245 -1 -1 -1 0
55 5 79 367 75 195 -1 -1 -1 0
55 6 696 324 45 167 -1 -1 -1 0
55 7 602 285 50 148 -1 -1 -1 0
55 8 613 380 77 156 -1 -1 -1 0
55 9 299 444 84 219 -1 -1 -1 0
55 10 248 322 63 182 -1 -1 -1 0
56 1 667 341 74 172 -1 -1 -1 0
56 2 897 337 62 113 -1 -1 -1 0
56 3 262 279 63 109 -1 -1 -1 0
56 4 387 504 127 241 -1 -1 -1 0
56 5 93 367 69 192 -1 -1 -1 0
56 6 705 323 46 161 -1 -1 -1 0
56 7 611 288 56 144 -1 -1 -1 0
56 8 627 380 70 158 -1 -1 -1 0
56 9 320 446 118 226 -1 -1 -1 0
56 10 260 324 71 168 -1 -1 -1 0
57 1 684 337 59 166 -1 -1 -1 0
57 2 895 343 68 99 -1 -1 -1 0
57 3 257 285 58 123 -1 -1 -1 0
57 4 423 488 104 248 -1 -1 -1 0
57 5 105 366 68 198 -1 -1 -1 0
57 6 712 318 48 162 -1 -1 -1 0
57 7 618 289 52 142 -1 -1 -1 0
57 8 641 380 67 157 -1 -1 -1 0
57 9 335 450 125 227 -1 -1 -1 0
57 10 266 325 73 182 -1 -1 -1 0
58 1 712 335 99 167 -1 -1 -1 0
58 2 906 342 70 105 -1 -1 -1 0
58 3 243 286 56 134 -1 -1 -1 0
58 4 457 501 102 251 -1 -1 -1 0
58 5 122 366 73 191 -1 -1 -1 0
58 6 721 323 45 167 -1 -1 -1 0
58 7 627 288 51 135 -1 -1 -1 0
58 8 654 381 65 149 -1 -1 -1 0
58 9 345 449 114 224 -1 -1 -1 0
58 10 271 319 70 177 -1 -1 -1 0
59 1 739 337 105 156 -1 -1 -1 0
59 2 923 340 52 107 -1 -1 -1 0
59 3 237 284 68 127 -1 -1 -1 0
59 4 495 493 134 236 -1 -1 -1 0
59 5 131 368 74 196 -1 -1 -1 0
59 6 737 323 54 164 -1 -1 -1 0
59 7 633 286 60 146 -1 -1 -1 0
59 8 668 379 57 146 -1 -1 -1 0
59 9 364 444 100 223 -1 -1 -1 0
59 10 280 325 68 174 -1 -1 -1 0
60 1 752 341 114 152 -1 -1 -1 0
60 2 933 338 49 112 -1 -1 -1 0
60 3 227 290 61 130 -1 -1 -1 0
60 4 517 494 149 238 -1 -1 -1 0
60 5 148 364 87 193 -1 -1 -1 0
60 6 747 322 60 158 -1 -1 -1 0
60 7 636 283 63 126 -1 -1 -1 0
60 8 687 378 79 143 -1 -1 -1 0
60 9 393 445 72 228 -1 -1 -1 0
60 10 288 329 71 164 -1 -1 -1 0
61 1 765 338 98 152 -1 -1 -1 0
61 2 946 331 71 122 -1 -1 -1 0
61 3 221 297 58 114 -1 -1 -1 0
61 4 540 487 136 241 -1 -1 -1 0
61 5 154 364 71 195 -1 -1 -1 0
61 6 759 320 62 152 -1 -1 -1 0
61 7 640 287 77 132 -1 -1 -1 0
61 8 705 378 86 143 -1 -1 -1 0
61 9 403 441 74 226 -1 -1 -1 0
61 10 289 330 92 161 -1 -1 -1 0
62 1 778 338 87 155 -1 -1 -1 0
62 2 961 336 82 133 -1 -1 -1 0
62 3 209 299 60 128 -1 -1 -1 0
62 4 588 483 94 259 -1 -1 -1 0
62 5 163 366 77 180 -1 -1 -1 0
62 6 764 325 64 145 -1 -1 -1 0
62 7 649 286 73 132 -1 -1 -1 0
62 8 722 378 60 142 -1 -1 -1 0
62 9 420 444 69 222 -1 -1 -1 0
62 10 294 335 110 159 -1 -1 -1 0
63 1 783 335 87 156 -1 -1 -1 0
63 2 968 346 72 131 -1 -1 -1 0
63 3 190 303 63 144 -1 -1 -1 0
63 4 617 472 86 243 -1 -1 -1 0
63 5 170 362 76 184 -1 -1 -1 0
63 6 762 322 52 147 -1 -1 -1 0
63 7 646 285 74 138 -1 -1 -1 0
63 8 728 379 60 140 -1 -1 -1 0
63 9 437 442 83 219 -1 -1 -1 0
63 10 291 336 115 149 -1 -1 -1 0
64 1 788 329 86 165 -1 -1 -1 0
64 2 966 355 65 143 -1 -1 -1 0
64 3 178 313 61 150 -1 -1 -1 0
64 4 652 474 89 230 -1 -1 -1 0
64 5 179 361 79 184 -1 -1 -1 0
64 6 756 319 65 156 -1 -1 -1 0
64 7 643 284 75 136 -1 -1 -1 0
64 8 740 383 63 137 -1 -1 -1 0
64 9 456 447 83 217 -1 -1 -1 0
64 10 289 338 133 164 -1 -1 -1 0
65 1 775 323 97 164 -1 -1 -1 0
65 2 968 363 64 150 -1 -1 -1 0
65 3 168 314 80 147 -1 -1 -1 0
65 4 692 490 120 219 -1 -1 -1 0
65 5 190 364 78 190 -1 -1 -1 0
65 6 741 316 59 164 -1 -1 -1 0
65 7 643 288 89 131 -1 -1 -1 0
65 8 750 387 63 143 -1 -1 -1 0
65 9 479 448 130 213 -1 -1 -1 0
65 10 289 336 114 163 -1 -1 -1 0
66 1 784 333 85 163 -1 -1 -1 0
66 2 969 363 61 157 -1 -1 -1 0
66 3 143 313 82 132 -1 -1 -1 0
66 4 721 493 130 217 -1 -1 -1 0
66 5 200 365 64 186 -1 -1 -1 0
66 6 728 315 54 146 -1 -1 -1 0
66 7 644 284 91 135 -1 -1 -1 0
66 8 759 386 73 146 -1 -1 -1 0
66 9 502 455 155 205 -1 -1 -1 0
66 10 280 337 86 178 -1 -1 -1 0
67 1 782 334 97 155 -1 -1 -1 0
67 2 972 364 59 162 -1 -1 -1 0
67 3 125 324 82 144 -1 -1 -1 0
67 4 728 494 116 208 -1 -1 -1 0
67 5 221 362 59 181 -1 -1 -1 0
67 6 712 324 80 145 -1 -1 -1 0
67 7 643 280 87 139 -1 -1 -1 0
67 8 759 386 65 137 -1 -1 -1 0
67 9 510 461 182 211 -1 -1 -1 0
67 10 278 334 74 177 -1 -1 -1 0
68 1 775 331 113 154 -1 -1 -1 0
68 2 976 371 74 164 -1 -1 -1 0
68 3 97 330 72 143 -1 -1 -1 0
68 4 736 484 106 221 -1 -1 -1 0
68 5 236 368 87 172 -1 -1 -1 0
68 6 690 328 91 138 -1 -1 -1 0
68 7 649 286 79 135 -1 -1 -1 0
68 8 771 385 96 138 -1 -1 -1 0
68 9 523 460 157 199 -1 -1 -1 0
68 10 282 339 69 174 -1 -1 -1 0
69 1 759 330 115 142 -1 -1 -1 0
69 2 978 383 82 171 -1 -1 -1 0
69 3 76 335 73 142 -1 -1 -1 0
69 4 735 490 95 236 -1 -1 -1 0
69 5 253 375 112 158 -1 -1 -1 0
69 6 682 334 91 153 -1 -1 -1 0
69 7 643 280 81 143 -1 -1 -1 0
69 8 776 389 90 131 -1 -1 -1 0
69 9 542 461 126 204 -1 -1 -1 0
69 10 280 346 88 171 -1 -1 -1 0
70 1 742 333 98 145 -1 -1 -1 0
70 2 976 396 94 158 -1 -1 -1 0
70 3 53 334 84 142 -1 -1 -1 0
70 4 737 493 93 242 -1 -1 -1 0
70 5 266 374 118 152 -1 -1 -1 0
70 6 671 328 85 149 -1 -1 -1 0
70 7 637 282 83 160 -1 -1 -1 0
70 8 772 389 94 126 -1 -1 -1 0
70 9 548 460 86 213 -1 -1 -1 0
70 10 282 352 100 170 -1 -1 -1 0
71 1 731 326 105 146 -1 -1 -1 0
71 2 986 398 83 156 -1 -1 -1 0
71 3 39 352 64 168 -1 -1 -1 0
71 4 736 489 114 243 -1 -1 -1 0
71 5 285 368 149 144 -1 -1 -1 0
71 6 661 323 64 154 -1 -1 -1 0
71 7 640 282 87 157 -1 -1 -1 0
71 8 759 388 120 135 -1 -1 -1 0
71 9 552 463 134 223 -1 -1 -1 0
71 10 269 351 107 179 -1 -1 -1 0
72 1 716 314 108 138 -1 -1 -1 0
72 2 984 389 86 156 -1 -1 -1 0
72 4 730 478 104 248 -1 -1 -1 0
72 5 285 361 141 148 -1 -1 -1 0
72 6 663 321 51 166 -1 -1 -1 0
72 7 647 285 83 151 -1 -1 -1 0
72 8 732 387 99 127 -1 -1 -1 0
72 9 543 465 162 208 -1 -1 -1 0
72 10 290 349 80 180 -1 -1 -1 0
73 1 700 318 92 132 -1 -1 -1 0
73 2 988 378 78 168 -1 -1 -1 0
73 4 722 468 117 246 -1 -1 -1 0
73 5 289 361 122 141 -1 -1 -1 0
73 6 656 326 71 170 -1 -1 -1 0
73 7 670 290 87 163 -1 -1 -1 0
73 8 729 389 90 127 -1 -1 -1 0
73 9 546 465 182 196 -1 -1 -1 0
73 10 307 346 89 168 -1 -1 -1 0
74 1 676 308 89 151 -1 -1 -1 0
74 2 994 362 70 172 -1 -1 -1 0
74 4 703 461 161 242 -1 -1 -1 0
74 5 298 358 126 150 -1 -1 -1 0
74 6 661 332 91 165 -1 -1 -1 0
74 7 679 291 65 160 -1 -1 -1 0
74 8 724 395 102 136 -1 -1 -1 0
74 9 553 454 175 232 -1 -1 -1 0
74 10 309 345 79 169 -1 -1 -1 0
75 1 662 300 126 134 -1 -1 -1 0
75 2 1000 354 74 172 -1 -1 -1 0
75 4 709 469 180 218 -1 -1 -1 0
75 5 315 359 117 149 -1 -1 -1 0
75 6 671 336 103 151 -1 -1 -1 0
75 7 688 278 78 135 -1 -1 -1 0
75 8 697 416 123 155 -1 -1 -1 0
75 9 541 434 148 270 -1 -1 -1 0
75 10 325 345 75 172 -1 -1 -1 0
76 1 658 298 135 129 -1 -1 -1 0
76 2 1028 354 69 171 -1 -1 -1 0
76 4 725 476 187 218 -1 -1 -1 0
76 5 344 365 120 156 -1 -1 -1 0
76 6 670 336 98 169 -1 -1 -1 0
76 7 705 285 69 143 -1 -1 -1 0
76 8 696 407 102 133 -1 -1 -1 0
76 9 514 416 121 307 -1 -1 -1 0
76 10 356 338 72 177 -1 -1 -1 0
77 1 661 296 115 137 -1 -1 -1 0
77 2 1055 359 66 171 -1 -1 -1 0
77 4 758 483 172 203 -1 -1 -1 0
77 5 368 362 124 158 -1 -1 -1 0
77 6 700 338 80 163 -1 -1 -1 0
77 7 725 280 68 140 -1 -1 -1 0
77 8 692 414 142 150 -1 -1 -1 0
77 9 506 406 119 306 -1 -1 -1 0
77 10 400 340 90 163 -1 -1 -1 0
78 1 662 293 104 138 -1 -1 -1 0
78 2 1088 355 65 166 -1 -1 -1 0
78 4 790 483 160 210 -1 -1 -1 0
78 5 390 364 143 163 -1 -1 -1 0
78 6 714 341 62 168 -1 -1 -1 0
78 7 746 289 81 155 -1 -1 -1 0
78 8 708 427 166 157 -1 -1 -1 0
78 9 506 406 118 308 -1 -1 -1 0
78 10 429 344 81 161 -1 -1 -1 0
79 1 654 290 85 135 -1 -1 -1 0
79 2 1096 348 69 159 -1 -1 -1 0
79 4 811 480 178 210 -1 -1 -1 0
79 5 411 365 145 152 -1 -1 -1 0
79 6 729 352 77 170 -1 -1 -1 0
79 7 766 290 85 148 -1 -1 -1 0
79 8 716 419 160 163 -1 -1 -1 0
79 9 505 419 121 289 -1 -1 -1 0
79 10 445 340 103 163 -1 -1 -1 0
80 1 642 291 86 135 -1 -1 -1 0
80 2 1094 344 55 168 -1 -1 -1 0
80 4 816 474 187 215 -1 -1 -1 0
80 5 425 368 143 148 -1 -1 -1 0
80 6 720 358 89 168 -1 -1 -1 0
80 7 767 289 87 148 -1 -1 -1 0
80 8 719 418 170 159 -1 -1 -1 0
80 9 494 442 148 243 -1 -1 -1 0
80 10 458 350 95 174 -1 -1 -1 0
81 1 628 288 80 136 -1 -1 -1 0
81 2 1086 332 66 157 -1 -1 -1 0
81 4 815 466 184 222 -1 -1 -1 0
81 5 416 364 144 163 -1 -1 -1 0
81 6 708 364 85 158 -1 -1 -1 0
81 7 770 297 96 158 -1 -1 -1 0
81 8 697 422 168 151 -1 -1 -1 0
81 9 494 454 151 219 -1 -1 -1 0
81 10 450 345 107 174 -1 -1 -1 0
82 1 614 290 78 137 -1 -1 -1 0
82 2 1072 326 67 161 -1 -1 -1 0
82 4 812 462 173 220 -1 -1 -1 0
82 5 424 367 153 153 -1 -1 -1 0
82 6 692 364 108 146 -1 -1 -1 0
82 7 754 296 80 151 -1 -1 -1 0
82 8 685 423 187 160 -1 -1 -1 0
82 9 481 451 121 228 -1 -1 -1 0
82 10 462 348 113 174 -1 -1 -1 0
83 1 592 294 86 129 -1 -1 -1 0
83 2 1060 329 59 151 -1 -1 -1 0
83 4 810 467 156 221 -1 -1 -1 0
83 5 417 375 130 166 -1 -1 -1 0
83 6 688 360 100 150 -1 -1 -1 0
83 7 756 308 84 150 -1 -1 -1 0
83 8 684 422 174 163 -1 -1 -1 0
83 9 457 446 85 236 -1 -1 -1 0
83 10 459 348 114 155 -1 -1 -1 0
84 1 594 297 73 126 -1 -1 -1 0
84 2 1051 334 65 152 -1 -1 -1 0
84 4 807 466 166 210 -1 -1 -1 0
84 5 430 375 110 150 -1 -1 -1 0
84 6 688 357 85 151 -1 -1 -1 0
84 7 743 319 81 131 -1 -1 -1 0
84 8 674 422 159 153 -1 -1 -1 0
84 9 437 446 77 236 -1 -1 -1 0
84 10 463 348 102 146 -1 -1 -1 0
85 1 590 295 77 136 -1 -1 -1 0
85 2 1048 334 69 140 -1 -1 -1 0
85 4 821 463 141 214 -1 -1 -1 0
85 5 443 371 105 157 -1 -1 -1 0
85 6 692 360 80 150 -1 -1 -1 0
85 7 747 328 83 116 -1 -1 -1 0
85 8 662 420 141 167 -1 -1 -1 0
85 9 412 449 103 224 -1 -1 -1 0
85 10 469 347 95 146 -1 -1 -1 0
86 1 582 293 76 140 -1 -1 -1 0
86 2 1042 331 75 146 -1 -1 -1 0
86 4 841 460 134 224 -1 -1 -1 0
86 5 444 373 105 142 -1 -1 -1 0
86 6 703 359 80 147 -1 -1 -1 0
86 7 751 326 99 122 -1 -1 -1 0
86 8 660 419 137 164 -1 -1 -1 0
86 9 399 445 108 226 -1 -1 -1 0
86 10 469 336 100 157 -1 -1 -1 0
87 1 576 292 74 134 -1 -1 -1 0
87 2 1039 320 82 137 -1 -1 -1 0
87 4 868 451 101 236 -1 -1 -1 0
87 5 448 368 94 141 -1 -1 -1 0
87 6 694 364 127 154 -1 -1 -1 0
87 7 772 319 110 124 -1 -1 -1 0
87 8 668 419 130 165 -1 -1 -1 0
87 9 395 441 105 217 -1 -1 -1 0
87 10 467 339 99 168 -1 -1 -1 0
88 1 571 303 71 145 -1 -1 -1 0
88 2 1040 317 95 125 -1 -1 -1 0
88 4 880 443 126 239 -1 -1 -1 0
88 5 448 362 82 146 -1 -1 -1 0
88 6 698 359 119 149 -1 -1 -1 0
88 7 797 317 115 131 -1 -1 -1 0
88 8 676 415 111 169 -1 -1 -1 0
88 9 392 431 95 231 -1 -1 -1 0
88 10 475 330 92 164 -1 -1 -1 0
89 1 564 309 70 149 -1 -1 -1 0
89 2 1037 325 101 122 -1 -1 -1 0
89 4 887 443 106 237 -1 -1 -1 0
89 5 445 360 88 153 -1 -1 -1 0
89 6 720 357 83 153 -1 -1 -1 0
89 7 816 320 86 131 -1 -1 -1 0
89 8 688 413 79 177 -1 -1 -1 0
89 9 390 425 101 215 -1 -1 -1 0
89 10 477 340 56 180 -1 -1 -1 0
90 1 565 308 75 138 -1 -1 -1 0
90 2 1035 323 113 123 -1 -1 -1 0
90 4 889 449 115 224 -1 -1 -1 0
90 5 441 356 92 151 -1 -1 -1 0
90 6 751 356 73 157 -1 -1 -1 0
90 7 831 325 69 134 -1 -1 -1 0
90 8 691 421 88 177 -1 -1 -1 0
90 9 385 427 100 218 -1 -1 -1 0
90 10 478 340 71 185 -1 -1 -1 0
91 1 560 306 63 150 -1 -1 -1 0
91 2 1018 317 105 121 -1 -1 -1 0
91 4 894 450 109 217 -1 -1 -1 0
91 5 441 352 88 161 -1 -1 -1 0
91 6 769 357 79 158 -1 -1 -1 0
91 7 844 325 65 136 -1 -1 -1 0
91 8 708 428 95 172 -1 -1 -1 0
91 9 384 431 97 214 -1 -1 -1 0
91 10 481 344 63 188 -1 -1 -1 0
92 1 558 298 78 138 -1 -1 -1 0
92 2 997 314 78 111 -1 -1 -1 0
92 4 904 443 107 221 -1 -1 -1 0
92 5 440 349 89 164 -1 -1 -1 0
92 6 796 354 91 156 -1 -1 -1 0
92 7 852 312 66 127 -1 -1 -1 0
92 8 706 421 91 181 -1 -1 -1 0
92 9 388 428 118 205 -1 -1 -1 0
92 10 482 327 63 164 -1 -1 -1 0
93 1 552 295 79 134 -1 -1 -1 0
93 2 984 318 97 108 -1 -1 -1 0
93 4 918 436 78 223 -1 -1 -1 0
93 5 436 351 97 167 -1 -1 -1 0
93 6 815 358 80 156 -1 -1 -1 0
93 7 864 309 47 118 -1 -1 -1 0
93 8 699 414 81 181 -1 -1 -1 0
93 9 406 416 94 211 -1 -1 -1 0
93 10 485 324 68 161 -1 -1 -1 0
94 1 554 297 96 134 -1 -1 -1 0
94 2 975 315 101 104 -1 -1 -1 0
94 4 933 439 71 222 -1 -1 -1 0
94 5 425 345 98 178 -1 -1 -1 0
94 6 814 351 89 163 -1 -1 -1 0
94 7 879 310 62 121 -1 -1 -1 0
94 8 694 401 73 169 -1 -1 -1 0
94 9 429 404 74 208 -1 -1 -1 0
94 10 491 312 64 157 -1 -1 -1 0
95 1 557 286 81 138 -1 -1 -1 0
95 2 968 316 72 106 -1 -1 -1 0
95 4 952 442 78 225 -1 -1 -1 0
95 5 418 343 91 179 -1 -1 -1 0
95 6 808 341 81 151 -1 -1 -1 0
95 7 889 312 62 120 -1 -1 -1 0
95 8 698 393 71 168 -1 -1 -1 0
95 9 442 406 88 217 -1 -1 -1 0
95 10 497 310 57 155 -1 -1 -1 0
96 1 562 283 88 126 -1 -1 -1 0
96 2 954 311 60 122 -1 -1 -1 0
96 4 946 441 81 216 -1 -1 -1 0
96 5 411 346 84 178 -1 -1 -1 0
96 6 810 326 83 147 -1 -1 -1 0
96 7 891 309 63 126 -1 -1 -1 0
96 8 708 384 100 165 -1 -1 -1 0
96 9 463 403 125 206 -1 -1 -1 0
96 10 498 315 54 151 -1 -1 -1 0
97 1 570 279 88 126 -1 -1 -1 0
97 2 953 312 58 120 -1 -1 -1 0
97 4 966 435 84 205 -1 -1 -1 0
97 5 406 344 81 180 -1 -1 -1 0
97 6 810 319 92 139 -1 -1 -1 0
97 7 892 302 61 139 -1 -1 -1 0
97 8 706 379 94 152 -1 -1 -1 0
97 9 475 404 131 199 -1 -1 -1 0
97 10 505 308 66 138 -1 -1 -1 0
98 1 578 275 72 124 -1 -1 -1 0
98 2 955 313 58 127 -1 -1 -1 0
98 4 979 433 80 201 -1 -1 -1 0
98 5 389 347 79 174 -1 -1 -1 0
98 6 811 321 90 135 -1 -1 -1 0
98 7 882 285 51 172 -1 -1 -1 0
98 8 723 380 86 149 -1 -1 -1 0
98 9 479 402 127 198 -1 -1 -1 0
98 10 510 314 65 144 -1 -1 -1 0
99 1 592 273 61 128 -1 -1 -1 0
99 2 956 315 56 129 -1 -1 -1 0
99 4 994 428 91 199 -1 -1 -1 0
99 5 385 350 85 166 -1 -1 -1 0
99 6 812 323 90 139 -1 -1 -1 0
99 7 875 274 51 179 -1 -1 -1 0
99 8 729 378 84 153 -1 -1 -1 0
99 9 494 400 106 197 -1 -1 -1 0
99 10 508 315 68 136 -1 -1 -1 0
100 1 591 268 55 133 -1 -1 -1 0
100 2 954 314 68 122 -1 -1 -1 0
100 4 1005 432 118 190 -1 -1 -1 0
100 5 381 351 75 167 -1 -1 -1 0
100 6 810 316 72 132 -1 -1 -1 0
100 7 866 277 52 175 -1 -1 -1 0
100 8 723 376 85 151 -1 -1 -1 0
100 9 505 400 99 202 -1 -1 -1 0
100 10 513 321 68 147 -1 -1 -1 0
101 1 601 261 68 125 -1 -1 -1 0
101 2 940 312 75 122 -1 -1 -1 0
101 4 1007 429 120 192 -1 -1 -1 0
101 5 380 353 77 164 -1 -1 -1 0
101 6 809 314 76 141 -1 -1 -1 0
101 7 864 296 49 152 -1 -1 -1 0
101 8 729 373 90 153 -1 -1 -1 0
101 9 518 405 95 193 -1 -1 -1 0
101 10 511 316 76 131 -1 -1 -1 0
102 1 613 258 53 116 -1 -1 -1 0
102 2 944 312 72 121 -1 -1 -1 0
102 4 1013 427 116 196 -1 -1 -1 0
102 5 377 349 68 179 -1 -1 -1 0
102 6 803 313 72 149 -1 -1 -1 0
102 7 857 301 61 148 -1 -1 -1 0
102 8 723 365 82 146 -1 -1 -1 0
102 9 521 410 93 183 -1 -1 -1 0
102 10 516 324 71 153 -1 -1 -1 0
103 1 614 256 58 118 -1 -1 -1 0
103 2 956 315 64 122 -1 -1 -1 0
103 4 1023 423 95 200 -1 -1 -1 0
103 5 376 349 62 181 -1 -1 -1 0
103 6 793 308 83 149 -1 -1 -1 0
103 7 849 298 59 147 -1 -1 -1 0
103 8 725 365 85 152 -1 -1 -1 0
103 9 516 408 101 188 -1 -1 -1 0
103 10 524 318 66 160 -1 -1 -1 0
104 1 617 260 61 114 -1 -1 -1 0
104 2 959 316 61 128 -1 -1 -1 0
104 4 1026 419 83 200 -1 -1 -1 0
104 5 373 352 65 176 -1 -1 -1 0
104 6 791 309 81 144 -1 -1 -1 0
104 7 833 295 57 134 -1 -1 -1 0
104 8 720 364 75 148 -1 -1 -1 0
104 9 512 400 96 193 -1 -1 -1 0
104 10 519 305 60 154 -1 -1 -1 0
105 1 620 261 54 109 -1 -1 -1 0
105 2 969 315 56 128 -1 -1 -1 0
105 4 1034 416 84 206 -1 -1 -1 0
105 5 374 352 68 178 -1 -1 -1 0
105 6 794 308 79 148 -1 -1 -1 0
105 7 822 285 61 123 -1 -1 -1 0
105 8 720 364 79 147 -1 -1 -1 0
105 9 506 391 81 186 -1 -1 -1 0
105 10 512 291 63 160 -1 -1 -1 0
106 1 620 258 50 114 -1 -1 -1 0
106 2 978 315 55 136 -1 -1 -1 0
106 4 1043 423 98 207 -1 -1 -1 0
106 5 375 351 79 176 -1 -1 -1 0
106 6 791 311 84 140 -1 -1 -1 0
106 7 812 288 56 124 -1 -1 -1 0
106 8 721 360 68 149 -1 -1 -1 0
106 9 499 383 71 177 -1 -1 -1 0
106 10 514 287 52 170 -1 -1 -1 0
107 1 623 256 50 117 -1 -1 -1 0
107 2 993 317 58 138 -1 -1 -1 0
107 4 1045 431 113 204 -1 -1 -1 0
107 5 373 354 82 191 -1 -1 -1 0
107 6 793 310 82 137 -1 -1 -1 0
107 7 788 288 89 115 -1 -1 -1 0
107 8 717 362 72 146 -1 -1 -1 0
107 9 498 380 59 190 -1 -1 -1 0
107 10 529 287 65 159 -1 -1 -1 0
108 1 624 262 45 122 -1 -1 -1 0
108 2 1001 318 64 138 -1 -1 -1 0
108 3 52 476 101 190 -1 -1 -1 0
108 4 1038 428 118 201 -1 -1 -1 0
108 5 375 354 96 176 -1 -1 -1 0
108 6 802 308 77 136 -1 -1 -1 0
108 7 755 285 99 121 -1 -1 -1 0
108 8 717 360 86 143 -1 -1 -1 0
108 9 491 374 58 187 -1 -1 -1 0
108 10 541 287 86 143 -1 -1 -1 0
109 1 627 262 51 125 -1 -1 -1 0
109 2 1009 319 69 136 -1 -1 -1 0
109 3 69 474 134 187 -1 -1 -1 0
109 4 1028 418 98 193 -1 -1 -1 0
109 5 373 359 100 182 -1 -1 -1 0
109 6 804 312 93 141 -1 -1 -1 0
109 7 753 285 105 130 -1 -1 -1 0
109 8 730 360 90 135 -1 -1 -1 0
109 9 489 367 58 172 -1 -1 -1 0
109 10 541 295 104 138 -1 -1 -1 0
110 1 635 258 51 133 -1 -1 -1 0
110 2 1027 327 60 131 -1 -1 -1 0
110 3 109 472 127 192 -1 -1 -1 0
110 4 1016 418 100 194 -1 -1 -1 0
110 5 371 366 113 184 -1 -1 -1 0
110 6 813 310 82 146 -1 -1 -1 0
110 7 731 283 78 133 -1 -1 -1 0
110 8 740 361 87 142 -1 -1 -1 0
110 9 490 370 57 162 -1 -1 -1 0
110 10 545 301 104 135 -1 -1 -1 0
111 1 640 256 52 153 -1 -1 -1 0
111 2 1044 333 67 145 -1 -1 -1 0
111 3 145 472 112 185 -1 -1 -1 0
111 4 1008 418 126 197 -1 -1 -1 0
111 5 381 367 109 183 -1 -1 -1 0
111 6 816 315 91 147 -1 -1 -1 0
111 7 716 283 68 125 -1 -1 -1 0
111 8 748 364 81 133 -1 -1 -1 0
111 9 495 368 60 177 -1 -1 -1 0
111 10 552 301 110 140 -1 -1 -1 0
112 1 646 245 50 174 -1 -1 -1 0
112 2 1059 338 53 154 -1 -1 -1 0
112 3 189 456 114 187 -1 -1 -1 0
112 4 1013 432 135 190 -1 -1 -1 0
112 5 386 372 91 183 -1 -1 -1 0
112 6 827 320 82 152 -1 -1 -1 0
112 7 713 286 61 134 -1 -1 -1 0
112 8 759 370 81 142 -1 -1 -1 0
112 9 498 366 60 174 -1 -1 -1 0
112 10 559 302 98 148 -1 -1 -1 0
113 1 653 244 51 171 -1 -1 -1 0
113 2 1081 345 65 156 -1 -1 -1 0
113 3 238 463 100 185 -1 -1 -1 0
113 4 1021 441 128 174 -1 -1 -1 0
113 5 388 369 90 179 -1 -1 -1 0
113 6 839 328 87 148 -1 -1 -1 0
113 7 692 293 80 124 -1 -1 -1 0
113 8 765 376 92 140 -1 -1 -1 0
113 9 510 368 76 163 -1 -1 -1 0
113 10 550 306 62 151 -1 -1 -1 0
114 1 665 249 55 173 -1 -1 -1 0
114 2 1106 359 71 140 -1 -1 -1 0
114 3 287 468 91 182 -1 -1 -1 0
114 4 1024 445 116 184 -1 -1 -1 0
114 5 404 370 89 173 -1 -1 -1 0
114 6 850 339 89 139 -1 -1 -1 0
114 7 686 302 84 123 -1 -1 -1 0
114 8 770 385 108 140 -1 -1 -1 0
114 9 515 361 74 153 -1 -1 -1 0
114 10 555 318 73 141 -1 -1 -1 0
115 1 683 273 51 167 -1 -1 -1 0
115 2 1129 372 83 148 -1 -1 -1 0
115 3 332 466 107 175 -1 -1 -1 0
115 4 1033 448 112 180 -1 -1 -1 0
115 5 420 376 108 172 -1 -1 -1 0
115 6 855 345 99 139 -1 -1 -1 0
115 7 693 305 68 123 -1 -1 -1 0
115 8 779 391 109 136 -1 -1 -1 0
115 9 521 374 88 143 -1 -1 -1 0
115 10 558 327 68 143 -1 -1 -1 0
116 1 691 282 41 161 -1 -1 -1 0
116 2 1149 378 85 152 -1 -1 -1 0
116 3 372 468 76 175 -1 -1 -1 0
116 4 1062 453 118 194 -1 -1 -1 0
116 5 438 377 108 154 -1 -1 -1 0
116 6 853 352 97 143 -1 -1 -1 0
116 7 691 306 53 133 -1 -1 -1 0
116 8 785 398 109 140 -1 -1 -1 0
116 9 513 383 108 132 -1 -1 -1 0
116 10 557 337 65 149 -1 -1 -1 0
117 1 711 286 35 162 -1 -1 -1 0
117 2 1186 381 70 157 -1 -1 -1 0
117 3 408 471 74 173 -1 -1 -1 0
117 4 1106 461 93 196 -1 -1 -1 0
117 5 449 380 78 148 -1 -1 -1 0
117 6 837 358 83 139 -1 -1 -1 0
117 7 695 307 51 135 -1 -1 -1 0
117 8 780 397 86 139 -1 -1 -1 0
117 9 521 385 114 133 -1 -1 -1 0
117 10 559 340 56 149 -1 -1 -1 0
118 1 722 286 40 153 -1 -1 -1 0
118 2 1216 386 68 164 -1 -1 -1 0
118 3 432 474 88 164 -1 -1 -1 0
118 4 1138 461 82 204 -1 -1 -1 0
118 5 458 379 81 152 -1 -1 -1 0
118 6 828 360 85 145 -1 -1 -1 0
118 7 690 312 56 137 -1 -1 -1 0
118 8 773 400 65 146 -1 -1 -1 0
118 9 515 386 102 136 -1 -1 -1 0
118 10 557 343 59 151 -1 -1 -1 0
119 1 729 289 53 148 -1 -1 -1 0
119 2 1245 395 55 161 -1 -1 -1 0
119 3 456 475 110 163 -1 -1 -1 0
119 4 1170 472 86 218 -1 -1 -1 0
119 5 451 383 92 158 -1 -1 -1 0
119 6 818 362 86 141 -1 -1 -1 0
119 7 681 317 60 133 -1 -1 -1 0
119 8 769 400 71 145 -1 -1 -1 0
119 9 505 386 87 142 -1 -1 -1 0
119 10 548 348 67 152 -1 -1 -1 0
120 1 736 285 57 149 -1 -1 -1 0
120 3 484 468 115 165 -1 -1 -1 0
120 4 1194 470 71 215 -1 -1 -1 0
120 5 448 386 91 159 -1 -1 -1 0
120 6 794 356 91 152 -1 -1 -1 0
120 7 680 321 68 132 -1 -1 -1 0
120 8 764 405 87 150 -1 -1 -1 0
120 9 512 385 98 148 -1 -1 -1 0
120 10 534 353 79 153 -1 -1 -1 0
121 1 742 288 53 149 -1 -1 -1 0
121 3 539 472 115 168 -1 -1 -1 0
121 4 1223 468 85 220 -1 -1 -1 0
121 5 453 386 98 160 -1 -1 -1 0
121 6 768 359 73 161 -1 -1 -1 0
121 7 678 320 67 137 -1 -1 -1 0
121 8 762 408 87 146 -1 -1 -1 0
121 9 498 378 85 143 -1 -1 -1 0
121 10 532 353 85 154 -1 -1 -1 0
122 1 750 290 67 141 -1 -1 -1 0
122 3 556 469 126 181 -1 -1 -1 0
122 4 1241 476 69 226 -1 -1 -1 0
122 5 436 374 102 161 -1 -1 -1 0
122 6 745 352 82 159 -1 -1 -1 0
122 7 675 320 52 139 -1 -1 -1 0
122 8 761 408 103 154 -1 -1 -1 0
122 9 491 371 92 149 -1 -1 -1 0
122 10 514 345 87 150 -1 -1 -1 0
123 1 763 292 78 141 -1 -1 -1 0
123 3 572 471 123 186 -1 -1 -1 0
123 5 430 377 108 158 -1 -1 -1 0
123 6 708 350 104 149 -1 -1 -1 0
123 7 670 323 51 138 -1 -1 -1 0
123 8 749 406 86 153 -1 -1 -1 0
123 9 491 380 104 159 -1 -1 -1 0
123 10 499 348 72 178 -1 -1 -1 0
124 1 768 289 65 147 -1 -1 -1 0
124 3 609 475 103 198 -1 -1 -1 0
124 5 420 382 109 158 -1 -1 -1 0
124 6 680 349 93 135 -1 -1 -1 0
124 7 674 326 49 147 -1 -1 -1 0
124 8 726 405 69 157 -1 -1 -1 0
124 9 474 377 86 169 -1 -1 -1 0
124 10 497 330 60 217 -1 -1 -1 0
125 1 779 290 52 150 -1 -1 -1 0
125 3 643 484 99 180 -1 -1 -1 0
125 5 412 373 111 173 -1 -1 -1 0
125 6 671 348 74 150 -1 -1 -1 0
125 7 672 326 54 147 -1 -1 -1 0
125 8 712 408 65 152 -1 -1 -1 0
125 9 470 381 80 158 -1 -1 -1 0
125 10 489 315 62 223 -1 -1 -1 0
126 1 789 290 50 144 -1 -1 -1 0
126 3 671 482 115 200 -1 -1 -1 0
126 5 415 366 95 185 -1 -1 -1 0
126 6 654 347 59 157 -1 -1 -1 0
126 7 675 325 52 143 -1 -1 -1 0
126 8 698 410 64 148 -1 -1 -1 0
126 9 468 379 65 171 -1 -1 -1 0
126 10 481 316 77 193 -1 -1 -1 0
127 1 804 298 73 138 -1 -1 -1 0
127 3 709 489 123 207 -1 -1 -1 0
127 5 410 353 78 189 -1 -1 -1 0
127 6 633 346 61 160 -1 -1 -1 0
127 7 669 327 54 143 -1 -1 -1 0
127 8 686 425 81 163 -1 -1 -1 0
127 9 466 383 66 173 -1 -1 -1 0
127 10 480 318 79 168 -1 -1 -1 0
128 1 819 302 86 131 -1 -1 -1 0
128 3 769 494 101 201 -1 -1 -1 0
128 5 403 349 91 184 -1 -1 -1 0
128 6 610 350 87 162 -1 -1 -1 0
128 7 669 336 58 138 -1 -1 -1 0
128 8 676 423 85 172 -1 -1 -1 0
128 9 460 386 82 176 -1 -1 -1 0
128 10 473 327 90 159 -1 -1 -1 0
129 1 828 304 84 132 -1 -1 -1 0
129 3 795 491 142 201 -1 -1 -1 0
129 5 393 356 97 186 -1 -1 -1 0
129 6 603 353 91 158 -1 -1 -1 0
129 7 679 353 56 152 -1 -1 -1 0
129 8 666 419 77 172 -1 -1 -1 0
129 9 454 388 71 188 -1 -1 -1 0
129 10 470 342 96 154 -1 -1 -1 0
130 1 840 302 92 126 -1 -1 -1 0
130 3 828 495 154 213 -1 -1 -1 0
130 5 395 364 84 170 -1 -1 -1 0
130 6 598 350 84 157 -1 -1 -1 0
130 7 681 352 73 151 -1 -1 -1 0
130 8 651 416 65 173 -1 -1 -1 0
130 9 423 391 95 180 -1 -1 -1 0
130 10 466 355 80 155 -1 -1 -1 0
131 1 875 302 83 129 -1 -1 -1 0
131 3 883 502 113 220 -1 -1 -1 0
131 5 400 364 83 175 -1 -1 -1 0
131 6 598 345 83 166 -1 -1 -1 0
131 7 696 344 103 142 -1 -1 -1 0
131 8 641 419 76 174 -1 -1 -1 0
131 9 422 399 102 190 -1 -1 -1 0
131 10 452 369 66 188 -1 -1 -1 0
132 1 898 300 72 126 -1 -1 -1 0
132 3 946 505 135 221 -1 -1 -1 0
132 5 425 350 70 182 -1 -1 -1 0
132 6 599 338 78 160 -1 -1 -1 0
132 7 723 348 98 134 -1 -1 -1 0
132 8 626 427 88 174 -1 -1 -1 0
132 9 419 403 94 183 -1 -1 -1 0
132 10 455 357 59 180 -1 -1 -1 0
133 1 918 306 92 144 -1 -1 -1 0
133 3 986 512 152 223 -1 -1 -1 0
133 5 440 353 69 199 -1 -1 -1 0
133 6 590 336 74 162 -1 -1 -1 0
133 7 744 343 138 135 -1 -1 -1 0
133 8 631 426 76 179 -1 -1 -1 0
133 9 412 398 94 190 -1 -1 -1 0
133 10 454 371 65 181 -1 -1 -1 0
134 1 937 308 81 146 -1 -1 -1 0
134 3 1049 527 141 238 -1 -1 -1 0
134 5 454 352 59 170 -1 -1 -1 0
134 6 595 332 75 160 -1 -1 -1 0
134 7 772 348 124 142 -1 -1 -1 0
134 8 621 424 93 182 -1 -1 -1 0
134 9 400 394 82 196 -1 -1 -1 0
134 10 453 380 76 174 -1 -1 -1 0
135 1 975 305 62 144 -1 -1 -1 0
135 3 1126 535 121 230 -1 -1 -1 0
135 5 466 353 87 162 -1 -1 -1 0
135 6 591 327 70 162 -1 -1 -1 0
135 7 813 352 95 148 -1 -1 -1 0
135 8 613 428 106 175 -1 -1 -1 0
135 9 391 400 82 203 -1 -1 -1 0
135 10 464 380 100 163 -1 -1 -1 0
136 1 993 308 88 145 -1 -1 -1 0
136 3 1168 530 182 239 -1 -1 -1 0
136 5 469 356 129 169 -1 -1 -1 0
136 6 589 324 69 166 -1 -1 -1 0
136 7 836 348 120 145 -1 -1 -1 0
136 8 616 437 100 189 -1 -1 -1 0
136 9 371 419 73 201 -1 -1 -1 0
136 10 468 381 95 172 -1 -1 -1 0
137 1 1018 313 107 152 -1 -1 -1 0
137 3 1217 531 124 209 -1 -1 -1 0
137 5 522 355 113 163 -1 -1 -1 0
137 6 591 322 80 153 -1 -1 -1 0
137 7 880 349 122 149 -1 -1 -1 0
137 8 618 442 94 189 -1 -1 -1 0
137 9 370 430 91 195 -1 -1 -1 0
137 10 474 383 90 161 -1 -1 -1 0
138 1 1051 315 94 163 -1 -1 -1 0
138 5 542 360 108 169 -1 -1 -1 0
138 6 586 327 92 152 -1 -1 -1 0
138 7 931 355 87 150 -1 -1 -1 0
138 8 637 435 79 187 -1 -1 -1 0
138 9 352 440 109 193 -1 -1 -1 0
138 10 474 379 89 166 -1 -1 -1 0
139 1 1086 323 94 156 -1 -1 -1 0
139 5 544 353 105 165 -1 -1 -1 0
139 6 593 326 89 143 -1 -1 -1 0
139 7 963 354 127 157 -1 -1 -1 0
139 8 643 442 89 186 -1 -1 -1 0
139 9 354 448 98 185 -1 -1 -1 0
139 10 467 372 89 175 -1 -1 -1 0
140 1 1107 322 100 142 -1 -1 -1 0
140 5 561 353 123 163 -1 -1 -1 0
140 6 608 322 76 147 -1 -1 -1 0
140 7 996 344 132 152 -1 -1 -1 0
140 8 655 448 117 195 -1 -1 -1 0
140 9 355 451 95 177 -1 -1 -1 0
140 10 461 369 90 176 -1 -1 -1 0
141 1 1142 322 107 171 -1 -1 -1 0
141 5 587 364 85 163 -1 -1 -1 0
141 6 626 315 78 147 -1 -1 -1 0
141 7 1037 342 106 163 -1 -1 -1 0
141 8 657 448 112 196 -1 -1 -1 0
141 9 362 463 111 202 -1 -1 -1 0
141 10 460 360 63 187 -1 -1 -1 0
142 1 1174 335 95 177 -1 -1 -1 0
142 5 607 367 91 148 -1 -1 -1 0
142 6 644 313 87 145 -1 -1 -1 0
142 7 1085 336 91 169 -1 -1 -1 0
142 8 683 447 87 197 -1 -1 -1 0
142 9 377 476 124 218 -1 -1 -1 0
142 10 450 357 64 196 -1 -1 -1 0
143 1 1214 339 69 160 -1 -1 -1 0
143 5 622 364 125 138 -1 -1 -1 0
143 6 651 307 101 135 -1 -1 -1 0
143 7 1107 325 118 163 -1 -1 -1 0
143 8 692 450 85 205 -1 -1 -1 0
143 9 384 483 121 214 -1 -1 -1 0
143 10 439 348 64 178 -1 -1 -1 0
144 1 1224 341 99 157 -1 -1 -1 0
144 5 643 356 136 154 -1 -1 -1 0
144 6 667 306 103 140 -1 -1 -1 0
144 7 1150 321 111 172 -1 -1 -1 0
144 8 708 454 118 192 -1 -1 -1 0
144 9 395 494 143 226 -1 -1 -1 0
144 10 430 346 67 197 -1 -1 -1 0
145 5 685 365 110 159 -1 -1 -1 0
145 6 688 309 90 138 -1 -1 -1 0
145 7 1181 320 88 160 -1 -1 -1 0
145 8 705 457 139 199 -1 -1 -1 0
145 9 411 510 133 227 -1 -1 -1 0
145 10 409 344 73 212 -1 -1 -1 0
146 5 689 359 121 164 -1 -1 -1 0
146 6 690 296 126 153 -1 -1 -1 0
146 7 1191 318 118 154 -1 -1 -1 0
146 8 696 452 116 208 -1 -1 -1 0
146 9 425 508 129 224 -1 -1 -1 0
146 10 381 348 86 196 -1 -1 -1 0
147 5 687 357 115 175 -1 -1 -1 0
147 6 700 296 113 159 -1 -1 -1 0
147 7 1206 309 129 155 -1 -1 -1 0
147 8 699 442 85 202 -1 -1 -1 0
147 9 429 502 153 235 -1 -1 -1 0
147 10 359 353 97 178 -1 -1 -1 0
148 5 715 347 70 175 -1 -1 -1 0
148 6 711 284 90 143 -1 -1 -1 0
148 7 1213 303 114 141 -1 -1 -1 0
148 8 695 435 72 209 -1 -1 -1 0
148 9 449 517 147 245 -1 -1 -1 0
148 10 325 346 118 182 -1 -1 -1 0
149 5 702 336 102 169 -1 -1 -1 0
149 6 685 273 109 154 -1 -1 -1 0
149 7 1201 285 107 149 -1 -1 -1 0
149 8 678 441 80 213 -1 -1 -1 0
149 9 482 523 136 247 -1 -1 -1 0
149 10 295 339 145 176 -1 -1 -1 0
150 1 1238 343 67 179 -1 -1 -1 0
150 5 681 334 118 180 -1 -1 -1 0
150 6 663 257 113 145 -1 -1 -1 0
150 7 1167 265 132 144 -1 -1 -1 0
150 8 644 441 130 206 -1 -1 -1 0
150 9 459 516 161 242 -1 -1 -1 0
150 10 266 336 131 157 -1 -1 -1 0
151 1 1182 338 122 181 -1 -1 -1 0
151 5 659 337 105 181 -1 -1 -1 0
151 6 636 253 77 137 -1 -1 -1 0
151 7 1147 263 123 136 -1 -1 -1 0
151 8 591 441 145 213 -1 -1 -1 0
151 9 454 528 141 238 -1 -1 -1 0
151 10 206 329 150 171 -1 -1 -1 0
152 1 1135 348 129 196 -1 -1 -1 0
152 5 650 329 99 182 -1 -1 -1 0
152 6 586 245 99 139 -1 -1 -1 0
152 7 1117 251 95 128 -1 -1 -1 0
152 8 558 442 130 197 -1 -1 -1 0
152 9 469 539 103 255 -1 -1 -1 0
152 10 149 328 166 186 -1 -1 -1 0
153 1 1095 358 96 183 -1 -1 -1 0
153 5 597 335 104 186 -1 -1 -1 0
153 6 542 240 123 147 -1 -1 -1 0
153 7 1049 247 123 133 -1 -1 -1 0
153 8 522 437 112 208 -1 -1 -1 0
153 9 446 551 155 272 -1 -1 -1 0
153 10 89 334 153 200 -1 -1 -1 0
154 1 1033 352 103 181 -1 -1 -1 0
154 5 566 342 109 208 -1 -1 -1 0
154 6 506 250 82 144 -1 -1 -1 0
154 7 997 249 104 132 -1 -1 -1 0
154 8 447 435 144 203 -1 -1 -1 0
154 9 418 562 199 273 -1 -1 -1 0
154 10 51 336 91 206 -1 -1 -1 0
155 1 987 366 108 187 -1 -1 -1 0
155 5 531 346 72 196 -1 -1 -1 0
155 6 456 246 87 163 -1 -1 -1 0
155 7 957 244 69 127 -1 -1 -1 0
155 8 421 442 136 194 -1 -1 -1 0
155 9 480 576 115 276 -1 -1 -1 0
156 1 950 386 112 206 -1 -1 -1 0
156 2 1232 419 92 199 -1 -1 -1 0
156 5 492 339 121 188 -1 -1 -1 0
156 6 414 244 112 151 -1 -1 -1 0
156 7 905 241 95 138 -1 -1 -1 0
156 8 404 448 83 196 -1 -1 -1 0
156 9 496 574 131 278 -1 -1 -1 0
157 1 934 392 83 204 -1 -1 -1 0
157 2 1182 424 111 218 -1 -1 -1 0
157 5 480 345 140 196 -1 -1 -1 0
157 6 391 252 104 147 -1 -1 -1 0
157 7 871 245 121 138 -1 -1 -1 0
157 8 378 454 144 207 -1 -1 -1 0
157 9 517 579 126 276 -1 -1 -1 0
158 1 895 388 128 198 -1 -1 -1 0
158 2 1120 419 89 222 -1 -1 -1 0
158 3 1209 321 114 186 -1 -1 -1 0
158 5 464 351 129 208 -1 -1 -1 0
158 6 373 256 65 154 -1 -1 -1 0
158 7 852 247 92 142 -1 -1 -1 0
158 8 358 463 125 208 -1 -1 -1 0
158 9 552 586 93 253 -1 -1 -1 0
159 1 887 408 158 230 -1 -1 -1 0
159 2 1062 416 92 211 -1 -1 -1 0
159 3 1167 317 86 178 -1 -1 -1 0
159 5 469 357 105 204 -1 -1 -1 0
159 6 352 256 106 150 -1 -1 -1 0
159 7 829 244 100 143 -1 -1 -1 0
159 8 347 461 90 219 -1 -1 -1 0
159 9 583 594 89 243 -1 -1 -1 0
160 1 880 430 132 237 -1 -1 -1 0
160 2 1017 416 115 207 -1 -1 -1 0
160 3 1124 315 68 172 -1 -1 -1 0
160 5 458 362 119 219 -1 -1 -1 0
160 6 344 261 127 147 -1 -1 -1 0
160 7 799 241 108 140 -1 -1 -1 0
160 8 328 451 134 216 -1 -1 -1 0
160 9 634 589 147 259 -1 -1 -1 0
161 1 898 435 126 222 -1 -1 -1 0
161 2 964 417 109 202 -1 -1 -1 0
161 3 1082 310 73 175 -1 -1 -1 0
161 5 459 368 123 201 -1 -1 -1 0
161 6 333 266 84 144 -1 -1 -1 0
161 7 783 247 92 136 -1 -1 -1 0
161 8 320 441 83 225 -1 -1 -1 0
161 9 675 588 140 258 -1 -1 -1 0
162 1 879 441 147 226 -1 -1 -1 0
162 2 919 408 92 197 -1 -1 -1 0
162 3 1048 309 78 171 -1 -1 -1 0
162 4 1203 356 118 204 -1 -1 -1 0
162 5 465 371 98 198 -1 -1 -1 0
162 6 324 268 86 144 -1 -1 -1 0
162 7 768 247 64 138 -1 -1 -1 0
162 8 301 436 96 217 -1 -1 -1 0
162 9 720 598 116 238 -1 -1 -1 0
163 1 910 450 181 238 -1 -1 -1 0
163 2 873 407 73 199 -1 -1 -1 0
163 3 1012 303 68 162 -1 -1 -1 0
163 4 1136 339 99 202 -1 -1 -1 0
163 5 445 359 137 215 -1 -1 -1 0
163 6 311 268 116 145 -1 -1 -1 0
163 7 745 243 86 134 -1 -1 -1 0
163 8 287 427 138 195 -1 -1 -1 0
163 9 773 587 107 256 -1 -1 -1 0
164 1 926 462 111 238 -1 -1 -1 0
164 2 841 406 70 195 -1 -1 -1 0
164 3 983 305 75 155 -1 -1 -1 0
164 4 1080 331 77 193 -1 -1 -1 0
164 5 460 364 185 214 -1 -1 -1 0
164 6 314 272 78 141 -1 -1 -1 0
164 7 738 246 106 135 -1 -1 -1 0
164 8 289 433 113 189 -1 -1 -1 0
164 9 809 583 103 272 -1 -1 -1 0
165 1 935 459 109 233 -1 -1 -1 0
165 2 798 409 78 196 -1 -1 -1 0
165 3 951 299 73 145 -1 -1 -1 0
165 4 1022 338 75 184 -1 -1 -1 0
165 5 455 378 153 205 -1 -1 -1 0
165 6 309 275 93 150 -1 -1 -1 0
165 7 733 249 82 131 -1 -1 -1 0
165 8 297 439 104 187 -1 -1 -1 0
165 9 846 583 95 266 -1 -1 -1 0
166 1 944 460 145 238 -1 -1 -1 0
166 2 764 405 59 184 -1 -1 -1 0
166 3 919 299 67 137 -1 -1 -1 0
166 4 966 336 78 172 -1 -1 -1 0
166 5 459 377 89 208 -1 -1 -1 0
166 6 304 266 107 144 -1 -1 -1 0
166 7 718 250 85 131 -1 -1 -1 0
166 8 280 431 141 178 -1 -1 -1 0
166 9 875 588 124 253 -1 -1 -1 0
167 1 981 474 123 242 -1 -1 -1 0
167 2 736 402 65 186 -1 -1 -1 0
167 3 888 302 56 126 -1 -1 -1 0
167 4 900 335 98 177 -1 -1 -1 0
167 5 467 374 84 215 -1 -1 -1 0
167 6 316 271 82 154 -1 -1 -1 0
167 7 705 254 107 128 -1 -1 -1 0
167 8 281 438 123 169 -1 -1 -1 0
167 9 908 583 107 266 -1 -1 -1 0
168 1 1001 478 122 240 -1 -1 -1 0
168 2 710 398 57 186 -1 -1 -1 0
168 3 847 303 59 141 -1 -1 -1 0
168 4 837 313 84 179 -1 -1 -1 0
168 5 460 370 86 202 -1 -1 -1 0
168 6 318 281 66 157 -1 -1 -1 0
168 7 696 260 91 127 -1 -1 -1 0
168 8 307 444 90 167 -1 -1 -1 0
168 9 939 577 117 276 -1 -1 -1 0
169 1 998 480 125 247 -1 -1 -1 0
169 2 687 402 79 177 -1 -1 -1 0
169 3 822 295 56 142 -1 -1 -1 0
169 4 784 308 79 187 -1 -1 -1 0
169 5 460 378 121 195 -1 -1 -1 0
169 6 323 291 78 143 -1 -1 -1 0
169 7 699 260 60 125 -1 -1 -1 0
169 8 296 446 133 174 -1 -1 -1 0
169 9 974 579 113 267 -1 -1 -1 0
170 1 1031 487 185 245 -1 -1 -1 0
170 2 674 410 100 172 -1 -1 -1 0
170 3 802 299 63 145 -1 -1 -1 0
170 4 735 307 79 175 -1 -1 -1 0
170 5 475 383 156 180 -1 -1 -1 0
170 6 322 294 135 137 -1 -1 -1 0
170 7 679 256 79 128 -1 -1 -1 0
170 8 316 453 147 174 -1 -1 -1 0
170 9 997 579 104 272 -1 -1 -1 0
171 1 1054 508 99 224 -1 -1 -1 0
171 2 649 411 110 169 -1 -1 -1 0
171 3 773 301 56 143 -1 -1 -1 0
171 4 697 316 97 137 -1 -1 -1 0
171 5 470 388 132 189 -1 -1 -1 0
171 6 323 308 107 128 -1 -1 -1 0
171 7 681 256 88 120 -1 -1 -1 0
171 8 322 455 94 163 -1 -1 -1 0
171 9 1024 573 84 284 -1 -1 -1 0
172 1 1061 500 102 222 -1 -1 -1 0
172 2 630 406 118 173 -1 -1 -1 0
172 3 742 302 58 139 -1 -1 -1 0
172 4 657 330 89 143 -1 -1 -1 0
172 5 464 387 91 194 -1 -1 -1 0
172 6 341 304 85 124 -1 -1 -1 0
172 7 676 264 63 129 -1 -1 -1 0
172 8 328 451 111 164 -1 -1 -1 0
172 9 1029 568 117 287 -1 -1 -1 0
173 1 1072 484 158 209 -1 -1 -1 0
173 2 633 404 96 186 -1 -1 -1 0
173 3 714 296 55 131 -1 -1 -1 0
173 4 621 327 118 139 -1 -1 -1 0
173 5 465 374 82 196 -1 -1 -1 0
173 6 342 306 116 139 -1 -1 -1 0
173 7 663 261 54 118 -1 -1 -1 0
173 8 341 452 156 176 -1 -1 -1 0
173 9 1052 564 126 293 -1 -1 -1 0
173 10 36 405 59 221 -1 -1 -1 0
174 1 1067 490 145 215 -1 -1 -1 0
174 2 612 399 86 166 -1 -1 -1 0
174 3 693 291 60 136 -1 -1 -1 0
174 4 608 332 105 149 -1 -1 -1 0
174 5 476 379 100 196 -1 -1 -1 0
174 6 349 315 101 131 -1 -1 -1 0
174 7 652 259 53 116 -1 -1 -1 0
174 8 347 467 129 183 -1 -1 -1 0
174 9 1064 563 136 277 -1 -1 -1 0
174 10 63 407 115 234 -1 -1 -1 0
175 1 1086 474 137 230 -1 -1 -1 0
175 2 604 399 94 164 -1 -1 -1 0
175 3 671 290 64 129 -1 -1 -1 0
175 4 590 323 74 131 -1 -1 -1 0
175 5 480 386 115 190 -1 -1 -1 0
175 6 355 309 59 140 -1 -1 -1 0
175 7 642 259 56 109 -1 -1 -1 0
175 8 365 466 85 186 -1 -1 -1 0
175 9 1105 556 94 290 -1 -1 -1 0
175 10 75 407 125 220 -1 -1 -1 0
176 1 1071 458 115 219 -1 -1 -1 0
176 2 609 403 113 162 -1 -1 -1 0
176 3 659 294 76 120 -1 -1 -1 0
176 4 575 328 91 138 -1 -1 -1 0
176 5 476 389 132 191 -1 -1 -1 0
176 6 361 305 62 141 -1 -1 -1 0
176 7 624 260 57 110 -1 -1 -1 0
176 8 374 470 119 200 -1 -1 -1 0
176 9 1112 546 90 296 -1 -1 -1 0
176 10 73 410 105 210 -1 -1 -1 0
177 1 1065 458 107 224 -1 -1 -1 0
177 2 603 407 131 158 -1 -1 -1 0
177 3 642 295 84 121 -1 -1 -1 0
177 4 568 336 102 134 -1 -1 -1 0
177 5 477 384 108 182 -1 -1 -1 0
177 6 377 310 83 147 -1 -1 -1 0
177 7 615 264 79 106 -1 -1 -1 0
177 8 385 480 147 201 -1 -1 -1 0
177 9 1129 541 110 280 -1 -1 -1 0
177 10 96 407 137 223 -1 -1 -1 0
178 1 1066 460 105 214 -1 -1 -1 0
178 2 607 406 84 172 -1 -1 -1 0
178 3 625 298 75 125 -1 -1 -1 0
178 4 547 329 109 124 -1 -1 -1 0
178 5 474 372 84 176 -1 -1 -1 0
178 6 394 316 91 138 -1 -1 -1 0
178 7 604 260 56 115 -1 -1 -1 0
178 8 405 488 105 204 -1 -1 -1 0
178 9 1151 547 95 281 -1 -1 -1 0
178 10 131 399 169 211 -1 -1 -1 0
179 1 1070 453 120 212 -1 -1 -1 0
179 2 613 403 75 175 -1 -1 -1 0
179 3 612 296 74 120 -1 -1 -1 0
179 4 536 328 92 121 -1 -1 -1 0
179 5 472 364 94 167 -1 -1 -1 0
179 6 394 323 82 128 -1 -1 -1 0
179 7 602 256 59 115 -1 -1 -1 0
179 8 416 485 97 201 -1 -1 -1 0
179 9 1163 535 85 282 -1 -1 -1 0
179 10 167 402 111 200 -1 -1 -1 0
180 1 1074 443 122 195 -1 -1 -1 0
180 2 632 405 75 177 -1 -1 -1 0
180 3 602 293 76 113 -1 -1 -1 0
180 4 539 337 103 129 -1 -1 -1 0
180 5 485 368 107 156 -1 -1 -1 0
180 6 389 323 73 120 -1 -1 -1 0
180 7 597 255 53 123 -1 -1 -1 0
180 8 442 488 132 198 -1 -1 -1 0
180 9 1175 507 139 248 -1 -1 -1 0
180 10 221 409 113 204 -1 -1 -1 0
181 1 1056 432 107 199 -1 -1 -1 0
181 2 654 411 93 166 -1 -1 -1 0
181 3 603 300 75 114 -1 -1 -1 0
181 4 521 333 152 121 -1 -1 -1 0
181 5 512 369 107 142 -1 -1 -1 0
181 6 399 327 87 119 -1 -1 -1 0
181 7 592 260 50 128 -1 -1 -1 0
181 8 470 500 113 195 -1 -1 -1 0
181 9 1191 508 147 246 -1 -1 -1 0
181 10 258 391 174 195 -1 -1 -1 0
182 1 1050 423 98 187 -1 -1 -1 0
182 2 677 420 109 166 -1 -1 -1 0
182 3 600 300 76 113 -1 -1 -1 0
182 4 517 329 145 133 -1 -1 -1 0
182 5 517 370 107 145 -1 -1 -1 0
182 6 400 328 82 115 -1 -1 -1 0
182 7 597 257 70 112 -1 -1 -1 0
182 8 489 509 86 206 -1 -1 -1 0
182 9 1213 511 101 243 -1 -1 -1 0
182 10 303 399 126 179 -1 -1 -1 0
183 1 1044 416 88 176 -1 -1 -1 0
183 2 684 419 110 174 -1 -1 -1 0
183 3 599 301 77 123 -1 -1 -1 0
183 4 511 330 134 145 -1 -1 -1 0
183 5 530 368 88 156 -1 -1 -1 0
183 6 402 329 72 120 -1 -1 -1 0
183 7 597 263 66 104 -1 -1 -1 0
183 8 525 510 136 204 -1 -1 -1 0
183 9 1241 503 70 249 -1 -1 -1 0
183 10 356 396 87 188 -1 -1 -1 0
184 1 1042 416 99 181 -1 -1 -1 0
184 2 693 414 88 184 -1 -1 -1 0
184 3 601 301 62 120 -1 -1 -1 0
184 4 504 333 130 126 -1 -1 -1 0
184 5 542 364 79 158 -1 -1 -1 0
184 6 408 327 74 121 -1 -1 -1 0
184 7 596 261 61 108 -1 -1 -1 0
184 8 536 513 128 203 -1 -1 -1 0
184 9 1253 502 52 258 -1 -1 -1 0
184 10 400 383 120 186 -1 -1 -1 0
185 1 1037 414 76 181 -1 -1 -1 0
185 2 703 413 90 187 -1 -1 -1 0
185 3 602 302 61 116 -1 -1 -1 0
185 4 509 335 117 116 -1 -1 -1 0
185 5 566 364 86 149 -1 -1 -1 0
185 6 403 327 67 116 -1 -1 -1 0
185 7 599 256 65 109 -1 -1 -1 0
185 8 566 518 101 204 -1 -1 -1 0
185 10 452 379 159 175 -1 -1 -1 0
186 1 1038 413 77 179 -1 -1 -1 0
186 2 719 417 115 184 -1 -1 -1 0
186 3 601 297 69 119 -1 -1 -1 0
186 4 514 335 107 121 -1 -1 -1 0
186 5 585 366 105 154 -1 -1 -1 0
186 6 397 324 71 117 -1 -1 -1 0
186 7 601 261 61 119 -1 -1 -1 0
186 8 585 513 83 218 -1 -1 -1 0
186 10 501 382 131 173 -1 -1 -1 0
187 1 1039 404 71 175 -1 -1 -1 0
187 2 727 430 138 164 -1 -1 -1 0
187 3 606 295 70 112 -1 -1 -1 0
187 4 509 348 112 134 -1 -1 -1 0
187 5 597 367 93 153 -1 -1 -1 0
187 6 394 325 76 119 -1 -1 -1 0
187 7 603 258 61 113 -1 -1 -1 0
187 8 611 515 101 217 -1 -1 -1 0
187 10 545 380 71 183 -1 -1 -1 0
188 1 1042 391 70 187 -1 -1 -1 0
188 2 729 440 143 163 -1 -1 -1 0
188 3 612 297 66 115 -1 -1 -1 0
188 4 506 340 111 129 -1 -1 -1 0
188 5 613 361 79 160 -1 -1 -1 0
188 6 386 322 82 126 -1 -1 -1 0
188 7 606 260 55 114 -1 -1 -1 0
188 8 636 520 90 208 -1 -1 -1 0
188 10 586 369 77 161 -1 -1 -1 0
189 1 1046 389 65 181 -1 -1 -1 0
189 2 723 445 121 165 -1 -1 -1 0
189 3 609 298 61 122 -1 -1 -1 0
189 4 509 340 107 126 -1 -1 -1 0
189 5 637 361 73 177 -1 -1 -1 0
189 6 377 321 88 129 -1 -1 -1 0
189 7 603 261 58 117 -1 -1 -1 0
189 8 660 527 108 208 -1 -1 -1 0
189 10 615 371 81 171 -1 -1 -1 0
190 1 1050 384 72 179 -1 -1 -1 0
190 2 712 448 82 170 -1 -1 -1 0
190 3 613 292 64 123 -1 -1 -1 0
190 4 505 337 112 131 -1 -1 -1 0
190 5 659 352 63 169 -1 -1 -1 0
190 6 374 319 77 133 -1 -1 -1 0
190 7 597 259 53 115 -1 -1 -1 0
190 8 684 532 124 207 -1 -1 -1 0
190 10 643 374 77 169 -1 -1 -1 0
191 1 1053 386 69 162 -1 -1 -1 0
191 2 710 450 78 154 -1 -1 -1 0
191 3 610 294 60 124 -1 -1 -1 0
191 4 507 341 105 135 -1 -1 -1 0
191 5 677 359 68 178 -1 -1 -1 0
191 6 364 324 75 141 -1 -1 -1 0
191 7 600 259 56 115 -1 -1 -1 0
191 8 700 540 109 202 -1 -1 -1 0
191 10 662 364 80 164 -1 -1 -1 0
192 1 1053 383 61 168 -1 -1 -1 0
192 2 700 448 88 151 -1 -1 -1 0
192 3 613 297 63 122 -1 -1 -1 0
192 4 504 343 122 127 -1 -1 -1 0
192 5 723 362 111 158 -1 -1 -1 0
192 6 364 328 69 129 -1 -1 -1 0
192 7 599 262 49 111 -1 -1 -1 0
192 8 708 543 103 205 -1 -1 -1 0
192 10 683 360 77 153 -1 -1 -1 0
193 1 1055 385 65 172 -1 -1 -1 0
193 2 699 449 86 167 -1 -1 -1 0
193 3 608 296 60 126 -1 -1 -1 0
193 4 503 346 116 131 -1 -1 -1 0
193 5 745 367 100 148 -1 -1 -1 0
193 6 369 328 74 131 -1 -1 -1 0
193 7 600 261 54 107 -1 -1 -1 0
193 8 713 535 94 207 -1 -1 -1 0
193 10 709 370 109 158 -1 -1 -1 0
194 1 1063 385 84 171 -1 -1 -1 0
194 2 694 444 95 162 -1 -1 -1 0
194 3 606 293 67 119 -1 -1 -1 0
194 4 504 343 116 125 -1 -1 -1 0
194 5 745 363 93 157 -1 -1 -1 0
194 6 374 327 71 142 -1 -1 -1 0
194 7 595 267 58 101 -1 -1 -1 0
194 8 720 536 85 207 -1 -1 -1 0
194 10 707 371 101 157 -1 -1 -1 0
195 1 1068 392 91 164 -1 -1 -1 0
195 2 687 432 97 155 -1 -1 -1 0
195 3 607 291 72 117 -1 -1 -1 0
195 4 505 341 114 131 -1 -1 -1 0
195 5 746 359 92 153 -1 -1 -1 0
195 6 384 320 88 137 -1 -1 -1 0
195 7 582 265 85 101 -1 -1 -1 0
195 8 719 532 87 209 -1 -1 -1 0
195 10 702 361 99 170 -1 -1 -1 0
196 1 1070 403 98 167 -1 -1 -1 0
196 2 674 435 108 158 -1 -1 -1 0
196 3 607 291 65 117 -1 -1 -1 0
196 4 503 336 109 136 -1 -1 -1 0
196 5 743 360 98 165 -1 -1 -1 0
196 6 387 316 98 135 -1 -1 -1 0
196 7 573 272 85 100 -1 -1 -1 0
196 8 715 540 96 207 -1 -1 -1 0
196 10 685 349 91 184 -1 -1 -1 0
197 1 1069 409 108 166 -1 -1 -1 0
197 2 673 431 108 159 -1 -1 -1 0
197 3 603 303 74 111 -1 -1 -1 0
197 4 510 330 96 135 -1 -1 -1 0
197 5 739 359 103 164 -1 -1 -1 0
197 6 384 313 107 131 -1 -1 -1 0
197 7 578 275 95 100 -1 -1 -1 0
197 8 717 535 92 205 -1 -1 -1 0
197 10 671 340 86 176 -1 -1 -1 0
198 1 1069 408 101 155 -1 -1 -1 0
198 2 665 433 108 173 -1 -1 -1 0
198 3 596 297 87 111 -1 -1 -1 0
198 4 516 330 90 126 -1 -1 -1 0
198 5 734 362 115 164 -1 -1 -1 0
198 6 390 309 113 133 -1 -1 -1 0
198 7 566 273 95 109 -1 -1 -1 0
198 8 705 536 95 206 -1 -1 -1 0
198 10 657 343 94 179 -1 -1 -1 0
199 1 1072 411 94 156 -1 -1 -1 0
199 2 661 433 112 168 -1 -1 -1 0
199 3 596 296 106 107 -1 -1 -1 0
199 4 512 332 95 130 -1 -1 -1 0
199 5 722 359 109 154 -1 -1 -1 0
199 6 404 308 98 118 -1 -1 -1 0
199 7 557 268 93 112 -1 -1 -1 0
199 8 696 532 87 200 -1 -1 -1 0
199 10 629 353 97 182 -1 -1 -1 0
200 1 1058 410 101 164 -1 -1 -1 0
200 2 649 432 103 164 -1 -1 -1 0
200 3 591 292 72 104 -1 -1 -1 0
200 4 504 329 97 133 -1 -1 -1 0
200 5 699 351 107 161 -1 -1 -1 0
200 6 425 307 73 122 -1 -1 -1 0
200 7 546 270 67 108 -1 -1 -1 0
200 8 687 537 94 192 -1 -1 -1 0
200 10 601 365 122 162 -1 -1 -1 0
