11 1 591 264 85 154 -1 -1 -1 0
11 2 750 275 104 122 -1 -1 -1 0
12 1 577 262 107 153 -1 -1 -1 0
12 2 747 276 90 120 -1 -1 -1 0
13 1 549 265 128 162 -1 -1 -1 0
13 2 739 270 97 125 -1 -1 -1 0
14 1 554 274 90 158 -1 -1 -1 0
14 2 738 261 109 131 -1 -1 -1 0
15 1 546 273 86 159 -1 -1 -1 0
15 2 740 263 97 128 -1 -1 -1 0
16 1 528 268 117 159 -1 -1 -1 0
16 2 744 260 73 130 -1 -1 -1 0
17 1 503 270 136 170 -1 -1 -1 0
17 2 741 254 95 129 -1 -1 -1 0
18 1 506 276 101 172 -1 -1 -1 0
18 2 734 255 101 132 -1 -1 -1 0
19 1 498 276 96 170 -1 -1 -1 0
19 2 732 256 79 132 -1 -1 -1 0
20 1 482 272 123 172 -1 -1 -1 0
20 2 734 254 84 129 -1 -1 -1 0
21 1 457 278 142 174 -1 -1 -1 0
21 2 725 253 105 132 -1 -1 -1 0
22 1 463 287 100 168 -1 -1 -1 0
22 2 736 261 83 128 -1 -1 -1 0
23 1 451 287 91 168 -1 -1 -1 0
23 2 739 256 71 132 -1 -1 -1 0
24 1 423 280 128 171 -1 -1 -1 0
24 2 726 254 96 134 -1 -1 -1 0
25 1 389 283 153 177 -1 -1 -1 0
25 2 719 256 98 136 -1 -1 -1 0
26 1 391 291 112 172 -1 -1 -1 0
26 2 707 262 80 128 -1 -1 -1 0
27 1 380 289 84 172 -1 -1 -1 0
27 2 721 257 76 131 -1 -1 -1 0
28 1 371 281 117 178 -1 -1 -1 0
28 2 714 258 105 137 -1 -1 -1 0
29 1 357 283 142 183 -1 -1 -1 0
29 2 740 266 80 135 -1 -1 -1 0
30 1 369 293 108 175 -1 -1 -1 0
30 2 759 268 63 133 -1 -1 -1 0
31 1 372 289 86 178 -1 -1 -1 0
31 2 764 266 88 134 -1 -1 -1 0
32 1 367 281 114 179 -1 -1 -1 0
32 2 768 273 104 139 -1 -1 -1 0
33 1 332 280 156 188 -1 -1 -1 0
33 2 789 277 75 136 -1 -1 -1 0
34 1 352 286 115 185 -1 -1 -1 0
34 2 792 274 76 137 -1 -1 -1 0
35 1 355 287 78 181 -1 -1 -1 0
35 2 794 272 92 155 -1 -1 -1 0
36 1 349 280 106 187 -1 -1 -1 0
36 2 815 279 81 155 -1 -1 -1 0
37 1 324 282 139 181 -1 -1 -1 0
37 2 818 281 73 155 -1 -1 -1 0
38 1 356 288 88 176 -1 -1 -1 0
38 2 829 280 85 161 -1 -1 -1 0
39 1 364 281 56 178 -1 -1 -1 0
39 2 826 283 111 166 -1 -1 -1 0
40 1 346 273 94 182 -1 -1 -1 0
40 2 841 291 101 164 -1 -1 -1 0
41 1 339 273 109 174 -1 -1 -1 0
41 2 851 293 74 160 -1 -1 -1 0
42 1 371 279 84 164 -1 -1 -1 0
42 2 865 293 66 168 -1 -1 -1 0
43 1 401 268 71 173 -1 -1 -1 0
43 2 864 302 74 167 -1 -1 -1 0
44 1 411 262 71 167 -1 -1 -1 0
44 2 855 322 100 153 -1 -1 -1 0
45 1 401 268 97 159 -1 -1 -1 0
45 2 870 325 104 150 -1 -1 -1 0
45 40 13 235 96 190 -1 -1 -1 0
46 1 412 279 102 151 -1 -1 -1 0
46 2 887 316 82 148 -1 -1 -1 0
46 40 44 234 101 187 -1 -1 -1 0
46 46 12 391 103 260 -1 -1 -1 0
46 50 437 218 96 135 -1 -1 -1 0
47 1 434 274 100 155 -1 -1 -1 0
47 2 896 304 66 150 -1 -1 -1 0
47 40 65 235 108 185 -1 -1 -1 0
47 46 21 388 103 259 -1 -1 -1 0
47 50 456 219 94 137 -1 -1 -1 0
48 1 465 261 91 165 -1 -1 -1 0
48 2 881 289 80 164 -1 -1 -1 0
48 40 86 237 107 180 -1 -1 -1 0
48 50 473 218 91 144 -1 -1 -1 0
48 56 180 345 83 230 -1 -1 -1 0
48 57 507 317 63 158 -1 -1 -1 0
48 58 621 261 57 173 -1 -1 -1 0
48 59 279 194 53 121 -1 -1 -1 0
49 1 488 264 86 163 -1 -1 -1 0
49 2 878 283 78 151 -1 -1 -1 0
49 40 106 236 107 181 -1 -1 -1 0
49 50 494 217 80 150 -1 -1 -1 0
49 56 199 341 77 233 -1 -1 -1 0
49 57 517 315 65 159 -1 -1 -1 0
49 58 636 255 51 173 -1 -1 -1 0
49 59 280 196 54 124 -1 -1 -1 0
50 1 498 273 110 155 -1 -1 -1 0
50 2 880 278 68 152 -1 -1 -1 0
50 40 128 234 106 183 -1 -1 -1 0
50 50 522 220 65 143 -1 -1 -1 0
50 56 203 337 79 232 -1 -1 -1 0
50 57 527 311 62 159 -1 -1 -1 0
50 58 647 242 50 175 -1 -1 -1 0
50 59 276 205 59 118 -1 -1 -1 0
50 61 158 393 113 249 -1 -1 -1 0
51 1 508 277 118 155 -1 -1 -1 0
51 2 873 271 84 156 -1 -1 -1 0
51 40 142 235 105 183 -1 -1 -1 0
51 50 542 220 58 142 -1 -1 -1 0
51 56 220 337 68 223 -1 -1 -1 0
51 57 536 302 66 163 -1 -1 -1 0
51 58 651 239 53 170 -1 -1 -1 0
51 59 267 213 72 109 -1 -1 -1 0
51 61 190 389 104 244 -1 -1 -1 0
51 62 0 266 74 201 -1 -1 -1 0
52 1 530 276 109 157 -1 -1 -1 0
52 2 879 269 78 151 -1 -1 -1 0
52 40 160 234 103 182 -1 -1 -1 0
52 50 552 219 56 143 -1 -1 -1 0
52 56 230 335 69 216 -1 -1 -1 0
52 57 546 303 68 156 -1 -1 -1 0
52 58 654 240 57 167 -1 -1 -1 0
52 59 264 219 76 106 -1 -1 -1 0
52 61 243 384 70 251 -1 -1 -1 0
52 62 8 265 80 200 -1 -1 -1 0
53 1 577 269 74 163 -1 -1 -1 0
53 2 883 267 67 142 -1 -1 -1 0
53 40 180 234 92 180 -1 -1 -1 0
53 50 558 217 58 141 -1 -1 -1 0
53 56 238 334 74 221 -1 -1 -1 0
53 57 553 303 84 154 -1 -1 -1 0
53 58 661 244 58 166 -1 -1 -1 0
53 59 258 221 67 105 -1 -1 -1 0
53 61 265 386 88 248 -1 -1 -1 0
53 62 21 269 77 197 -1 -1 -1 0
54 1 596 268 77 164 -1 -1 -1 0
54 2 880 264 49 138 -1 -1 -1 0
54 40 201 234 75 180 -1 -1 -1 0
54 50 570 213 51 141 -1 -1 -1 0
54 56 248 334 76 218 -1 -1 -1 0
54 57 563 302 81 156 -1 -1 -1 0
54 58 666 247 56 164 -1 -1 -1 0
54 59 253 218 59 105 -1 -1 -1 0
54 61 276 392 130 241 -1 -1 -1 0
54 62 32 269 75 197 -1 -1 -1 0
55 1 615 263 72 165 -1 -1 -1 0
55 2 874 265 52 133 -1 -1 -1 0
55 40 215 230 65 183 -1 -1 -1 0
55 50 577 213 51 145 -1 -1 -1 0
55 56 254 334 87 219 -1 -1 -1 0
55 57 573 302 80 154 -1 -1 -1 0
55 58 672 243 51 165 -1 -1 -1 0
55 59 245 218 63 101 -1 -1 -1 0
55 61 287 393 143 241 -1 -1 -1 0
55 62 45 270 72 195 -1 -1 -1 0
56 1 632 259 68 161 -1 -1 -1 0
56 2 862 278 62 113 -1 -1 -1 0
56 40 222 236 71 176 -1 -1 -1 0
56 50 585 216 50 144 -1 -1 -1 0
56 56 262 336 108 222 -1 -1 -1 0
56 57 590 300 72 157 -1 -1 -1 0
56 58 682 238 47 165 -1 -1 -1 0
56 59 228 218 66 111 -1 -1 -1 0
56 61 314 381 134 239 -1 -1 -1 0
56 62 58 270 68 194 -1 -1 -1 0
57 1 655 257 61 160 -1 -1 -1 0
57 2 863 291 65 101 -1 -1 -1 0
57 40 231 233 72 178 -1 -1 -1 0
57 50 593 217 51 141 -1 -1 -1 0
57 56 272 337 125 223 -1 -1 -1 0
57 57 611 303 64 154 -1 -1 -1 0
57 58 690 235 46 163 -1 -1 -1 0
57 59 228 224 54 123 -1 -1 -1 0
57 61 374 371 98 238 -1 -1 -1 0
57 62 69 269 72 195 -1 -1 -1 0
58 1 674 257 89 159 -1 -1 -1 0
58 2 873 292 66 104 -1 -1 -1 0
58 40 237 233 70 179 -1 -1 -1 0
58 50 601 217 51 141 -1 -1 -1 0
58 56 289 336 115 223 -1 -1 -1 0
58 57 623 305 63 151 -1 -1 -1 0
58 58 698 238 50 166 -1 -1 -1 0
58 59 215 218 61 129 -1 -1 -1 0
58 61 407 369 100 254 -1 -1 -1 0
58 62 83 270 73 193 -1 -1 -1 0
59 1 683 258 110 159 -1 -1 -1 0
59 2 895 287 56 107 -1 -1 -1 0
59 40 247 238 67 173 -1 -1 -1 0
59 50 604 216 59 141 -1 -1 -1 0
59 56 317 334 98 223 -1 -1 -1 0
59 57 635 304 65 146 -1 -1 -1 0
59 58 709 243 51 158 -1 -1 -1 0
59 59 202 219 72 129 -1 -1 -1 0
59 61 425 374 143 240 -1 -1 -1 0
59 62 98 269 74 194 -1 -1 -1 0
60 1 699 262 106 154 -1 -1 -1 0
60 2 907 280 52 112 -1 -1 -1 0
60 40 250 246 75 166 -1 -1 -1 0
60 50 599 217 72 137 -1 -1 -1 0
60 56 353 332 74 225 -1 -1 -1 0
60 57 645 305 83 144 -1 -1 -1 0
60 58 719 244 57 157 -1 -1 -1 0
60 59 197 225 61 132 -1 -1 -1 0
60 61 441 377 153 238 -1 -1 -1 0
60 62 108 269 76 193 -1 -1 -1 0
61 1 721 260 95 154 -1 -1 -1 0
61 2 911 269 72 123 -1 -1 -1 0
61 40 243 251 93 158 -1 -1 -1 0
61 50 604 219 75 134 -1 -1 -1 0
61 56 367 332 76 224 -1 -1 -1 0
61 57 664 307 78 142 -1 -1 -1 0
61 58 728 244 61 153 -1 -1 -1 0
61 59 190 233 57 124 -1 -1 -1 0
61 61 471 370 140 238 -1 -1 -1 0
61 62 119 268 70 193 -1 -1 -1 0
62 1 734 256 89 158 -1 -1 -1 0
62 2 918 268 83 139 -1 -1 -1 0
62 40 237 255 107 155 -1 -1 -1 0
62 50 609 219 75 133 -1 -1 -1 0
62 56 381 333 78 221 -1 -1 -1 0
62 57 685 306 69 142 -1 -1 -1 0
62 58 730 249 60 148 -1 -1 -1 0
62 59 174 231 65 129 -1 -1 -1 0
62 61 529 357 104 247 -1 -1 -1 0
62 62 127 269 70 189 -1 -1 -1 0
63 1 739 254 89 160 -1 -1 -1 0
63 2 932 279 72 132 -1 -1 -1 0
63 40 232 261 118 151 -1 -1 -1 0
63 50 610 218 73 135 -1 -1 -1 0
63 56 393 333 85 218 -1 -1 -1 0
63 57 696 307 63 141 -1 -1 -1 0
63 58 733 250 57 143 -1 -1 -1 0
63 59 158 231 67 130 -1 -1 -1 0
63 61 574 351 86 242 -1 -1 -1 0
63 62 134 268 72 189 -1 -1 -1 0
64 1 744 245 86 166 -1 -1 -1 0
64 2 938 284 60 142 -1 -1 -1 0
64 40 228 255 127 164 -1 -1 -1 0
64 50 606 218 77 134 -1 -1 -1 0
64 56 408 335 94 217 -1 -1 -1 0
64 57 705 310 64 140 -1 -1 -1 0
64 58 721 242 67 152 -1 -1 -1 0
64 59 146 237 65 148 -1 -1 -1 0
64 61 606 359 90 228 -1 -1 -1 0
64 62 139 267 82 188 -1 -1 -1 0
65 1 738 238 86 171 -1 -1 -1 0
65 2 935 286 64 151 -1 -1 -1 0
65 40 231 255 117 165 -1 -1 -1 0
65 50 603 222 84 131 -1 -1 -1 0
65 56 416 343 127 213 -1 -1 -1 0
65 57 717 314 64 143 -1 -1 -1 0
65 58 713 237 58 156 -1 -1 -1 0
65 59 127 242 76 142 -1 -1 -1 0
65 61 631 377 122 219 -1 -1 -1 0
65 62 150 269 78 186 -1 -1 -1 0
66 1 740 249 88 161 -1 -1 -1 0
66 2 936 286 62 156 -1 -1 -1 0
66 40 238 248 84 175 -1 -1 -1 0
66 50 596 220 96 134 -1 -1 -1 0
66 56 420 354 159 204 -1 -1 -1 0
66 57 723 313 72 146 -1 -1 -1 0
66 58 698 241 57 145 -1 -1 -1 0
66 59 102 245 83 137 -1 -1 -1 0
66 61 655 386 128 214 -1 -1 -1 0
66 62 162 269 71 187 -1 -1 -1 0
67 1 731 260 100 152 -1 -1 -1 0
67 2 939 284 62 158 -1 -1 -1 0
67 40 241 247 72 176 -1 -1 -1 0
67 50 598 212 90 143 -1 -1 -1 0
67 56 422 360 175 208 -1 -1 -1 0
67 57 728 316 66 141 -1 -1 -1 0
67 58 669 251 83 144 -1 -1 -1 0
67 59 82 250 83 146 -1 -1 -1 0
67 61 670 386 116 215 -1 -1 -1 0
67 62 191 269 55 184 -1 -1 -1 0
68 1 720 254 113 154 -1 -1 -1 0
68 2 936 289 75 163 -1 -1 -1 0
68 40 239 250 71 171 -1 -1 -1 0
68 50 597 208 89 147 -1 -1 -1 0
68 56 443 360 161 207 -1 -1 -1 0
68 57 725 322 86 133 -1 -1 -1 0
68 58 642 258 101 145 -1 -1 -1 0
68 59 60 258 67 146 -1 -1 -1 0
68 61 683 376 102 219 -1 -1 -1 0
68 62 195 279 78 175 -1 -1 -1 0
69 1 712 254 108 149 -1 -1 -1 0
69 2 935 301 82 165 -1 -1 -1 0
69 40 229 259 92 171 -1 -1 -1 0
69 50 598 207 87 147 -1 -1 -1 0
69 56 482 356 122 208 -1 -1 -1 0
69 57 728 330 91 126 -1 -1 -1 0
69 58 630 255 98 153 -1 -1 -1 0
69 59 40 264 70 140 -1 -1 -1 0
69 61 689 373 90 235 -1 -1 -1 0
69 62 193 292 101 162 -1 -1 -1 0
70 1 694 257 94 143 -1 -1 -1 0
70 2 931 317 91 158 -1 -1 -1 0
70 40 230 266 101 169 -1 -1 -1 0
70 50 598 203 79 151 -1 -1 -1 0
70 56 504 354 88 210 -1 -1 -1 0
70 57 726 327 90 127 -1 -1 -1 0
70 58 629 255 84 151 -1 -1 -1 0
70 59 11 263 85 149 -1 -1 -1 0
70 61 692 377 92 233 -1 -1 -1 0
70 62 205 295 132 154 -1 -1 -1 0
71 1 675 248 89 144 -1 -1 -1 0
71 2 933 321 90 150 -1 -1 -1 0
71 40 232 269 103 168 -1 -1 -1 0
71 50 601 203 86 150 -1 -1 -1 0
71 56 493 356 121 215 -1 -1 -1 0
71 57 708 324 111 129 -1 -1 -1 0
71 58 631 246 64 157 -1 -1 -1 0
71 59 0 268 60 163 -1 -1 -1 0
71 61 691 372 95 235 -1 -1 -1 0
71 62 211 270 157 174 -1 -1 -1 0
72 1 664 241 97 144 -1 -1 -1 0
72 2 939 312 89 157 -1 -1 -1 0
72 40 249 261 102 171 -1 -1 -1 0
72 50 607 204 86 146 -1 -1 -1 0
72 56 467 361 159 206 -1 -1 -1 0
72 57 698 324 86 125 -1 -1 -1 0
72 58 630 243 58 162 -1 -1 -1 0
72 59 0 278 32 155 -1 -1 -1 0
72 61 680 359 105 242 -1 -1 -1 0
72 62 217 277 136 160 -1 -1 -1 0
73 1 662 240 98 142 -1 -1 -1 0
73 2 949 292 78 170 -1 -1 -1 0
73 40 261 258 89 166 -1 -1 -1 0
73 50 625 208 90 165 -1 -1 -1 0
73 56 453 364 186 200 -1 -1 -1 0
73 57 689 326 88 123 -1 -1 -1 0
73 58 619 239 72 171 -1 -1 -1 0
73 59 0 281 12 159 -1 -1 -1 0
73 61 664 351 114 239 -1 -1 -1 0
73 62 224 282 127 154 -1 -1 -1 0
74 2 958 275 68 173 -1 -1 -1 0
74 40 274 262 79 165 -1 -1 -1 0
74 50 644 212 68 155 -1 -1 -1 0
74 56 466 339 175 230 -1 -1 -1 0
74 57 673 325 101 128 -1 -1 -1 0
74 58 613 251 91 160 -1 -1 -1 0
74 61 622 343 163 242 -1 -1 -1 0
74 62 237 287 120 146 -1 -1 -1 0
75 1 598 234 117 126 -1 -1 -1 0
75 2 971 269 67 168 -1 -1 -1 0
75 40 286 258 75 172 -1 -1 -1 0
75 50 653 213 77 148 -1 -1 -1 0
75 56 470 294 145 276 -1 -1 -1 0
75 57 673 326 103 127 -1 -1 -1 0
75 58 611 257 106 154 -1 -1 -1 0
75 61 626 349 172 225 -1 -1 -1 0
75 62 260 288 113 145 -1 -1 -1 0
76 1 592 234 129 130 -1 -1 -1 0
76 2 992 270 68 166 -1 -1 -1 0
76 40 318 255 75 173 -1 -1 -1 0
76 50 669 213 70 143 -1 -1 -1 0
76 56 455 262 120 307 -1 -1 -1 0
76 57 644 341 104 137 -1 -1 -1 0
76 58 621 256 102 165 -1 -1 -1 0
76 61 637 371 181 216 -1 -1 -1 0
76 62 279 285 119 158 -1 -1 -1 0
77 1 600 229 103 137 -1 -1 -1 0
77 2 1023 275 68 164 -1 -1 -1 0
77 40 353 257 87 166 -1 -1 -1 0
77 50 685 213 75 145 -1 -1 -1 0
77 56 446 252 120 306 -1 -1 -1 0
77 57 625 342 145 151 -1 -1 -1 0
77 58 656 256 78 168 -1 -1 -1 0
77 61 676 381 165 206 -1 -1 -1 0
77 62 294 282 131 161 -1 -1 -1 0
78 1 610 221 100 139 -1 -1 -1 0
78 2 1055 274 65 166 -1 -1 -1 0
78 40 389 261 82 159 -1 -1 -1 0
78 50 707 212 80 152 -1 -1 -1 0
78 56 447 250 120 307 -1 -1 -1 0
78 57 626 344 162 159 -1 -1 -1 0
78 58 680 257 66 163 -1 -1 -1 0
78 61 709 378 164 206 -1 -1 -1 0
78 62 326 283 132 158 -1 -1 -1 0
79 1 608 221 94 137 -1 -1 -1 0
79 2 1063 268 67 163 -1 -1 -1 0
79 40 401 262 87 158 -1 -1 -1 0
79 50 719 214 90 157 -1 -1 -1 0
79 56 454 277 112 287 -1 -1 -1 0
79 57 641 340 155 161 -1 -1 -1 0
79 58 683 262 70 155 -1 -1 -1 0
79 61 727 376 172 208 -1 -1 -1 0
79 62 341 289 141 155 -1 -1 -1 0
80 1 597 221 87 136 -1 -1 -1 0
80 2 1066 259 55 166 -1 -1 -1 0
80 40 402 260 94 170 -1 -1 -1 0
80 50 717 219 100 151 -1 -1 -1 0
80 56 428 308 142 257 -1 -1 -1 0
80 57 629 339 163 158 -1 -1 -1 0
80 58 666 280 96 147 -1 -1 -1 0
80 61 733 367 174 215 -1 -1 -1 0
80 62 355 293 140 153 -1 -1 -1 0
81 1 589 219 80 138 -1 -1 -1 0
81 2 1051 251 66 162 -1 -1 -1 0
81 40 401 256 109 174 -1 -1 -1 0
81 50 717 220 98 154 -1 -1 -1 0
81 56 420 346 149 218 -1 -1 -1 0
81 57 614 340 164 154 -1 -1 -1 0
81 58 665 285 87 151 -1 -1 -1 0
81 61 731 354 175 222 -1 -1 -1 0
81 62 357 287 131 159 -1 -1 -1 0
82 1 574 221 79 138 -1 -1 -1 0
82 2 1042 249 64 158 -1 -1 -1 0
82 40 407 260 109 172 -1 -1 -1 0
82 50 714 224 90 148 -1 -1 -1 0
82 56 420 338 122 225 -1 -1 -1 0
82 57 596 342 182 156 -1 -1 -1 0
82 58 636 290 110 147 -1 -1 -1 0
82 61 726 352 175 220 -1 -1 -1 0
82 62 358 287 125 161 -1 -1 -1 0
83 1 549 229 90 130 -1 -1 -1 0
83 2 1033 253 55 154 -1 -1 -1 0
83 40 408 268 108 151 -1 -1 -1 0
83 50 710 234 83 147 -1 -1 -1 0
83 56 413 329 83 232 -1 -1 -1 0
83 57 595 341 168 160 -1 -1 -1 0
83 58 636 287 102 149 -1 -1 -1 0
83 61 727 359 162 214 -1 -1 -1 0
83 62 356 292 132 165 -1 -1 -1 0
84 1 552 233 79 127 -1 -1 -1 0
84 2 1019 258 64 149 -1 -1 -1 0
84 40 415 274 101 144 -1 -1 -1 0
84 50 704 256 82 129 -1 -1 -1 0
84 56 398 329 77 232 -1 -1 -1 0
84 57 594 341 159 158 -1 -1 -1 0
84 58 642 283 89 151 -1 -1 -1 0
84 61 724 361 167 212 -1 -1 -1 0
84 62 375 297 115 149 -1 -1 -1 0
85 1 552 227 76 135 -1 -1 -1 0
85 2 1009 260 72 145 -1 -1 -1 0
85 40 420 272 97 145 -1 -1 -1 0
85 50 703 269 87 115 -1 -1 -1 0
85 56 361 333 102 229 -1 -1 -1 0
85 57 590 340 143 161 -1 -1 -1 0
85 58 648 283 82 151 -1 -1 -1 0
85 61 745 356 148 216 -1 -1 -1 0
85 62 385 300 108 142 -1 -1 -1 0
86 1 543 222 79 139 -1 -1 -1 0
86 2 1004 258 73 140 -1 -1 -1 0
86 40 419 262 101 156 -1 -1 -1 0
86 50 704 268 107 114 -1 -1 -1 0
86 56 344 334 107 225 -1 -1 -1 0
86 57 600 340 124 164 -1 -1 -1 0
86 58 659 288 76 143 -1 -1 -1 0
86 61 774 347 138 227 -1 -1 -1 0
86 62 390 301 101 140 -1 -1 -1 0
87 1 536 225 78 136 -1 -1 -1 0
87 2 1000 253 79 135 -1 -1 -1 0
87 40 426 253 92 164 -1 -1 -1 0
87 50 712 258 116 125 -1 -1 -1 0
87 56 342 327 102 222 -1 -1 -1 0
87 57 606 332 115 173 -1 -1 -1 0
87 58 659 293 91 137 -1 -1 -1 0
87 61 802 334 119 232 -1 -1 -1 0
87 62 401 299 85 135 -1 -1 -1 0
88 1 537 231 68 140 -1 -1 -1 0
88 2 993 257 95 126 -1 -1 -1 0
88 40 435 250 81 160 -1 -1 -1 0
88 50 740 251 117 131 -1 -1 -1 0
88 56 346 316 94 227 -1 -1 -1 0
88 57 623 327 101 177 -1 -1 -1 0
88 58 647 286 111 148 -1 -1 -1 0
88 61 819 325 122 236 -1 -1 -1 0
88 62 398 292 89 140 -1 -1 -1 0
89 1 529 237 70 144 -1 -1 -1 0
89 2 987 266 107 120 -1 -1 -1 0
89 40 447 250 66 179 -1 -1 -1 0
89 50 771 254 88 133 -1 -1 -1 0
89 56 341 312 98 221 -1 -1 -1 0
89 57 648 329 80 173 -1 -1 -1 0
89 58 678 280 89 153 -1 -1 -1 0
89 61 829 325 112 233 -1 -1 -1 0
89 62 395 285 92 148 -1 -1 -1 0
90 1 526 240 72 137 -1 -1 -1 0
90 2 980 264 113 121 -1 -1 -1 0
90 40 446 250 65 180 -1 -1 -1 0
90 50 797 257 65 133 -1 -1 -1 0
90 56 331 322 104 211 -1 -1 -1 0
90 57 651 336 82 175 -1 -1 -1 0
90 58 705 276 82 160 -1 -1 -1 0
90 61 833 336 114 227 -1 -1 -1 0
90 62 396 276 88 156 -1 -1 -1 0
91 1 524 236 73 141 -1 -1 -1 0
91 2 968 262 103 115 -1 -1 -1 0
91 40 452 249 60 182 -1 -1 -1 0
91 50 811 255 66 135 -1 -1 -1 0
91 56 331 326 105 206 -1 -1 -1 0
91 57 658 340 99 172 -1 -1 -1 0
91 58 729 276 77 160 -1 -1 -1 0
91 61 840 341 111 220 -1 -1 -1 0
91 62 394 272 90 161 -1 -1 -1 0
92 1 519 228 76 138 -1 -1 -1 0
92 2 958 261 79 109 -1 -1 -1 0
92 40 449 245 66 166 -1 -1 -1 0
92 50 819 248 65 131 -1 -1 -1 0
92 56 333 321 112 210 -1 -1 -1 0
92 57 657 331 94 179 -1 -1 -1 0
92 58 749 277 95 154 -1 -1 -1 0
92 61 850 336 107 220 -1 -1 -1 0
92 62 396 268 89 165 -1 -1 -1 0
93 1 512 229 81 133 -1 -1 -1 0
93 2 936 264 97 108 -1 -1 -1 0
93 40 449 238 69 166 -1 -1 -1 0
93 50 838 246 50 123 -1 -1 -1 0
93 56 359 312 95 206 -1 -1 -1 0
93 57 659 324 81 178 -1 -1 -1 0
93 58 775 281 79 152 -1 -1 -1 0
93 61 877 328 89 219 -1 -1 -1 0
93 62 389 266 94 166 -1 -1 -1 0
94 1 514 226 83 133 -1 -1 -1 0
94 2 924 263 102 110 -1 -1 -1 0
94 40 455 233 66 158 -1 -1 -1 0
94 50 848 251 67 123 -1 -1 -1 0
94 56 394 304 75 206 -1 -1 -1 0
94 57 660 317 73 166 -1 -1 -1 0
94 58 767 270 88 160 -1 -1 -1 0
94 61 900 322 82 227 -1 -1 -1 0
94 62 379 260 85 173 -1 -1 -1 0
95 1 518 222 81 135 -1 -1 -1 0
95 2 925 258 81 117 -1 -1 -1 0
95 40 462 232 64 157 -1 -1 -1 0
95 50 857 249 65 124 -1 -1 -1 0
95 56 401 300 84 211 -1 -1 -1 0
95 57 663 308 78 169 -1 -1 -1 0
95 58 768 262 81 152 -1 -1 -1 0
95 61 907 326 84 226 -1 -1 -1 0
95 62 374 259 77 175 -1 -1 -1 0
96 1 519 219 87 127 -1 -1 -1 0
96 2 924 251 59 120 -1 -1 -1 0
96 40 470 237 59 152 -1 -1 -1 0
96 50 861 246 62 126 -1 -1 -1 0
96 56 404 302 122 203 -1 -1 -1 0
96 57 658 302 99 165 -1 -1 -1 0
96 58 765 254 86 146 -1 -1 -1 0
96 61 912 332 86 216 -1 -1 -1 0
96 62 370 255 82 179 -1 -1 -1 0
97 1 527 218 86 123 -1 -1 -1 0
97 2 924 250 56 122 -1 -1 -1 0
97 40 474 241 63 139 -1 -1 -1 0
97 50 860 232 62 139 -1 -1 -1 0
97 56 408 305 134 196 -1 -1 -1 0
97 57 658 302 101 154 -1 -1 -1 0
97 58 761 251 96 141 -1 -1 -1 0
97 61 924 333 84 204 -1 -1 -1 0
97 62 366 255 82 180 -1 -1 -1 0
98 1 542 215 75 124 -1 -1 -1 0
98 2 923 246 55 132 -1 -1 -1 0
98 40 476 245 64 133 -1 -1 -1 0
98 50 868 230 63 141 -1 -1 -1 0
98 56 416 305 128 196 -1 -1 -1 0
98 57 669 303 101 153 -1 -1 -1 0
98 58 764 251 93 139 -1 -1 -1 0
98 61 937 329 81 200 -1 -1 -1 0
98 62 350 261 83 174 -1 -1 -1 0
99 1 562 208 57 130 -1 -1 -1 0
99 2 926 250 56 125 -1 -1 -1 0
99 40 476 247 68 142 -1 -1 -1 0
99 50 850 189 51 176 -1 -1 -1 0
99 56 438 302 108 196 -1 -1 -1 0
99 57 683 301 86 153 -1 -1 -1 0
99 58 767 254 90 137 -1 -1 -1 0
99 61 948 329 93 198 -1 -1 -1 0
99 62 344 268 83 167 -1 -1 -1 0
100 1 564 203 59 130 -1 -1 -1 0
100 2 919 250 64 125 -1 -1 -1 0
100 40 477 249 69 138 -1 -1 -1 0
100 50 842 188 49 179 -1 -1 -1 0
100 56 457 301 99 196 -1 -1 -1 0
100 57 683 300 86 152 -1 -1 -1 0
100 58 770 249 83 137 -1 -1 -1 0
100 61 947 332 116 193 -1 -1 -1 0
100 62 343 268 78 168 -1 -1 -1 0
101 1 568 198 63 125 -1 -1 -1 0
101 2 901 252 77 121 -1 -1 -1 0
101 40 477 250 72 146 -1 -1 -1 0
101 50 838 220 50 150 -1 -1 -1 0
101 56 470 308 96 192 -1 -1 -1 0
101 57 682 294 84 155 -1 -1 -1 0
101 58 770 242 78 142 -1 -1 -1 0
101 61 948 334 119 190 -1 -1 -1 0
101 62 342 264 76 172 -1 -1 -1 0
102 1 583 198 54 119 -1 -1 -1 0
102 2 906 253 74 117 -1 -1 -1 0
102 40 480 249 70 152 -1 -1 -1 0
102 50 828 228 59 143 -1 -1 -1 0
102 56 473 318 95 185 -1 -1 -1 0
102 57 681 288 82 153 -1 -1 -1 0
102 58 766 238 75 146 -1 -1 -1 0
102 61 955 329 113 195 -1 -1 -1 0
102 62 341 262 70 176 -1 -1 -1 0
103 1 586 199 55 119 -1 -1 -1 0
103 2 924 254 62 120 -1 -1 -1 0
103 40 485 238 64 158 -1 -1 -1 0
103 50 816 223 58 146 -1 -1 -1 0
103 56 467 313 99 189 -1 -1 -1 0
103 57 681 287 82 150 -1 -1 -1 0
103 58 755 237 81 147 -1 -1 -1 0
103 61 976 321 93 202 -1 -1 -1 0
103 62 342 262 64 178 -1 -1 -1 0
104 1 589 204 56 113 -1 -1 -1 0
104 2 930 254 60 123 -1 -1 -1 0
104 40 486 225 58 160 -1 -1 -1 0
104 50 805 224 57 138 -1 -1 -1 0
104 56 464 303 99 192 -1 -1 -1 0
104 57 681 288 80 148 -1 -1 -1 0
104 58 749 235 85 150 -1 -1 -1 0
104 61 988 316 82 206 -1 -1 -1 0
104 62 340 263 66 179 -1 -1 -1 0
105 1 590 204 54 113 -1 -1 -1 0
105 2 940 250 54 129 -1 -1 -1 0
105 40 481 213 61 160 -1 -1 -1 0
105 50 789 223 65 125 -1 -1 -1 0
105 56 462 297 87 184 -1 -1 -1 0
105 57 681 288 80 149 -1 -1 -1 0
105 58 747 234 87 150 -1 -1 -1 0
105 61 992 313 82 207 -1 -1 -1 0
105 62 338 263 72 181 -1 -1 -1 0
105 67 0 343 39 218 -1 -1 -1 0
106 1 594 198 52 118 -1 -1 -1 0
106 2 951 249 52 133 -1 -1 -1 0
106 40 485 204 65 166 -1 -1 -1 0
106 50 781 228 55 124 -1 -1 -1 0
106 56 464 295 70 179 -1 -1 -1 0
106 57 680 287 77 149 -1 -1 -1 0
106 58 747 235 87 147 -1 -1 -1 0
106 61 992 318 98 204 -1 -1 -1 0
106 62 334 262 80 183 -1 -1 -1 0
106 67 0 351 51 210 -1 -1 -1 0
107 1 598 198 45 119 -1 -1 -1 0
107 2 958 244 56 140 -1 -1 -1 0
107 40 488 205 80 161 -1 -1 -1 0
107 50 776 228 56 122 -1 -1 -1 0
107 56 464 289 60 183 -1 -1 -1 0
107 57 677 288 81 145 -1 -1 -1 0
107 58 747 234 87 144 -1 -1 -1 0
107 61 988 328 112 201 -1 -1 -1 0
107 62 328 263 87 182 -1 -1 -1 0
107 67 0 366 82 198 -1 -1 -1 0
108 1 600 201 48 122 -1 -1 -1 0
108 2 970 243 58 144 -1 -1 -1 0
108 40 484 214 104 147 -1 -1 -1 0
108 50 713 233 88 92 -1 -1 -1 0
108 56 462 279 57 192 -1 -1 -1 0
108 57 677 288 84 141 -1 -1 -1 0
108 58 753 237 87 143 -1 -1 -1 0
108 61 983 328 113 200 -1 -1 -1 0
108 62 322 264 93 183 -1 -1 -1 0
108 67 0 386 109 184 -1 -1 -1 0
109 1 602 202 51 124 -1 -1 -1 0
109 2 982 252 59 151 -1 -1 -1 0
109 40 490 227 105 136 -1 -1 -1 0
109 50 706 226 69 116 -1 -1 -1 0
109 56 461 282 59 172 -1 -1 -1 0
109 57 681 289 90 140 -1 -1 -1 0
109 58 759 236 90 146 -1 -1 -1 0
109 61 978 316 100 195 -1 -1 -1 0
109 62 322 269 97 181 -1 -1 -1 0
109 67 0 387 135 184 -1 -1 -1 0
110 1 607 192 52 138 -1 -1 -1 0
110 2 1000 256 59 147 -1 -1 -1 0
110 40 491 236 112 131 -1 -1 -1 0
110 50 688 212 78 130 -1 -1 -1 0
110 56 461 285 59 169 -1 -1 -1 0
110 57 694 291 86 138 -1 -1 -1 0
110 58 762 237 96 149 -1 -1 -1 0
110 61 971 315 97 200 -1 -1 -1 0
110 62 322 275 101 178 -1 -1 -1 0
110 67 6 395 134 177 -1 -1 -1 0
111 1 613 178 52 154 -1 -1 -1 0
111 2 1013 257 55 149 -1 -1 -1 0
111 40 497 234 112 137 -1 -1 -1 0
111 50 683 218 68 128 -1 -1 -1 0
111 56 463 280 58 174 -1 -1 -1 0
111 57 709 295 80 138 -1 -1 -1 0
111 58 773 239 88 151 -1 -1 -1 0
111 61 945 321 127 197 -1 -1 -1 0
111 62 328 279 106 177 -1 -1 -1 0
112 1 621 158 49 173 -1 -1 -1 0
112 2 1031 260 54 154 -1 -1 -1 0
112 40 509 227 99 147 -1 -1 -1 0
112 50 680 219 63 135 -1 -1 -1 0
112 56 467 280 64 167 -1 -1 -1 0
112 57 718 300 82 138 -1 -1 -1 0
112 58 783 244 86 152 -1 -1 -1 0
112 61 943 337 139 188 -1 -1 -1 0
112 62 337 279 94 182 -1 -1 -1 0
112 68 129 368 120 184 -1 -1 -1 0
113 1 631 161 50 170 -1 -1 -1 0
113 2 1049 269 62 152 -1 -1 -1 0
113 40 520 233 61 147 -1 -1 -1 0
113 50 651 233 80 124 -1 -1 -1 0
113 56 474 285 70 159 -1 -1 -1 0
113 57 717 305 93 140 -1 -1 -1 0
113 58 793 255 87 146 -1 -1 -1 0
113 61 957 350 129 179 -1 -1 -1 0
113 62 345 279 91 183 -1 -1 -1 0
113 68 187 374 99 184 -1 -1 -1 0
114 1 645 173 45 161 -1 -1 -1 0
114 2 1065 286 74 144 -1 -1 -1 0
114 40 520 245 60 142 -1 -1 -1 0
114 50 648 243 82 118 -1 -1 -1 0
114 56 475 289 74 149 -1 -1 -1 0
114 57 719 315 102 137 -1 -1 -1 0
114 58 802 268 90 144 -1 -1 -1 0
114 61 969 354 114 179 -1 -1 -1 0
114 62 353 283 97 180 -1 -1 -1 0
114 68 246 374 88 187 -1 -1 -1 0
115 1 661 192 41 161 -1 -1 -1 0
115 2 1085 297 85 144 -1 -1 -1 0
115 40 522 258 62 138 -1 -1 -1 0
115 50 658 248 73 121 -1 -1 -1 0
115 56 472 301 84 141 -1 -1 -1 0
115 57 723 320 110 140 -1 -1 -1 0
115 58 812 275 92 145 -1 -1 -1 0
115 61 982 355 112 186 -1 -1 -1 0
115 62 368 290 97 172 -1 -1 -1 0
115 68 284 378 104 177 -1 -1 -1 0
116 1 676 206 41 156 -1 -1 -1 0
116 2 1105 303 83 149 -1 -1 -1 0
116 40 524 262 63 147 -1 -1 -1 0
116 50 664 245 56 128 -1 -1 -1 0
116 56 458 315 108 131 -1 -1 -1 0
116 57 730 324 107 140 -1 -1 -1 0
116 58 809 283 94 142 -1 -1 -1 0
116 61 1004 359 119 188 -1 -1 -1 0
116 62 378 303 109 157 -1 -1 -1 0
116 68 338 384 80 173 -1 -1 -1 0
117 1 683 208 40 157 -1 -1 -1 0
117 2 1142 304 74 157 -1 -1 -1 0
117 40 528 265 58 154 -1 -1 -1 0
117 50 670 242 51 136 -1 -1 -1 0
117 56 460 316 113 136 -1 -1 -1 0
117 57 737 326 82 143 -1 -1 -1 0
117 58 798 286 81 144 -1 -1 -1 0
117 61 1059 361 96 197 -1 -1 -1 0
117 62 400 306 92 151 -1 -1 -1 0
117 68 374 388 66 168 -1 -1 -1 0
118 1 700 211 41 152 -1 -1 -1 0
118 2 1183 303 62 163 -1 -1 -1 0
118 40 528 266 57 152 -1 -1 -1 0
118 50 660 242 57 139 -1 -1 -1 0
118 56 463 317 102 135 -1 -1 -1 0
118 57 739 327 67 144 -1 -1 -1 0
118 58 786 284 84 149 -1 -1 -1 0
118 61 1095 357 94 207 -1 -1 -1 0
118 62 418 301 76 152 -1 -1 -1 0
118 68 385 392 91 162 -1 -1 -1 0
119 1 704 211 50 153 -1 -1 -1 0
119 2 1215 310 59 164 -1 -1 -1 0
119 40 515 272 65 154 -1 -1 -1 0
119 50 650 250 63 134 -1 -1 -1 0
119 56 460 316 92 140 -1 -1 -1 0
119 57 733 328 71 147 -1 -1 -1 0
119 58 769 279 93 152 -1 -1 -1 0
119 61 1127 360 84 210 -1 -1 -1 0
119 62 407 303 90 159 -1 -1 -1 0
119 68 400 390 110 163 -1 -1 -1 0
120 1 707 213 58 147 -1 -1 -1 0
120 2 1233 317 46 174 -1 -1 -1 0
120 40 498 277 78 150 -1 -1 -1 0
120 50 647 254 66 134 -1 -1 -1 0
120 56 463 312 92 145 -1 -1 -1 0
120 57 721 331 86 146 -1 -1 -1 0
120 58 753 277 88 153 -1 -1 -1 0
120 61 1158 364 72 211 -1 -1 -1 0
120 62 401 309 92 156 -1 -1 -1 0
120 68 431 387 110 167 -1 -1 -1 0
121 1 706 219 67 142 -1 -1 -1 0
121 2 1252 321 27 177 -1 -1 -1 0
121 40 491 276 81 152 -1 -1 -1 0
121 50 645 252 63 137 -1 -1 -1 0
121 56 459 306 80 144 -1 -1 -1 0
121 57 717 334 90 146 -1 -1 -1 0
121 58 734 279 62 162 -1 -1 -1 0
121 61 1171 361 88 215 -1 -1 -1 0
121 62 399 304 95 161 -1 -1 -1 0
121 68 481 388 111 168 -1 -1 -1 0
122 1 723 223 60 140 -1 -1 -1 0
122 40 477 281 98 159 -1 -1 -1 0
122 50 645 252 57 138 -1 -1 -1 0
122 56 453 302 87 150 -1 -1 -1 0
122 57 707 332 100 155 -1 -1 -1 0
122 58 706 274 63 156 -1 -1 -1 0
122 61 1197 363 82 222 -1 -1 -1 0
122 62 396 295 96 160 -1 -1 -1 0
122 68 493 375 123 182 -1 -1 -1 0
123 1 730 223 61 140 -1 -1 -1 0
123 40 468 263 66 185 -1 -1 -1 0
123 50 644 251 54 142 -1 -1 -1 0
123 56 445 297 97 162 -1 -1 -1 0
123 57 705 328 86 156 -1 -1 -1 0
123 58 656 273 86 150 -1 -1 -1 0
123 61 1214 365 65 225 -1 -1 -1 0
123 62 375 295 110 157 -1 -1 -1 0
123 68 516 371 121 194 -1 -1 -1 0
124 1 737 218 63 144 -1 -1 -1 0
124 40 466 219 62 221 -1 -1 -1 0
124 50 644 253 55 144 -1 -1 -1 0
124 56 431 293 85 169 -1 -1 -1 0
124 57 694 326 68 157 -1 -1 -1 0
124 58 636 281 92 144 -1 -1 -1 0
124 62 368 299 104 159 -1 -1 -1 0
124 68 556 380 103 193 -1 -1 -1 0
125 1 750 212 55 150 -1 -1 -1 0
125 40 457 208 63 218 -1 -1 -1 0
125 50 644 253 54 144 -1 -1 -1 0
125 56 432 295 75 164 -1 -1 -1 0
125 57 679 329 66 155 -1 -1 -1 0
125 58 631 277 76 152 -1 -1 -1 0
125 62 367 288 101 169 -1 -1 -1 0
125 68 594 385 100 189 -1 -1 -1 0
126 1 765 216 53 147 -1 -1 -1 0
126 40 442 219 79 195 -1 -1 -1 0
126 50 648 253 51 145 -1 -1 -1 0
126 56 434 292 67 176 -1 -1 -1 0
126 57 662 338 69 143 -1 -1 -1 0
126 58 623 270 60 157 -1 -1 -1 0
126 62 365 270 97 187 -1 -1 -1 0
126 68 614 386 113 194 -1 -1 -1 0
127 1 768 226 73 140 -1 -1 -1 0
127 40 439 237 82 162 -1 -1 -1 0
127 50 641 257 58 141 -1 -1 -1 0
127 56 429 296 72 174 -1 -1 -1 0
127 57 647 342 80 165 -1 -1 -1 0
127 58 601 264 64 163 -1 -1 -1 0
127 62 364 260 86 186 -1 -1 -1 0
127 68 650 386 116 204 -1 -1 -1 0
128 1 775 236 87 131 -1 -1 -1 0
128 40 427 253 92 149 -1 -1 -1 0
128 50 643 267 57 137 -1 -1 -1 0
128 56 420 291 79 181 -1 -1 -1 0
128 57 635 338 86 169 -1 -1 -1 0
128 58 563 267 92 166 -1 -1 -1 0
128 62 361 258 82 182 -1 -1 -1 0
128 68 723 396 96 195 -1 -1 -1 0
129 1 783 235 89 135 -1 -1 -1 0
129 40 421 267 94 142 -1 -1 -1 0
129 50 646 279 60 148 -1 -1 -1 0
129 56 415 291 73 184 -1 -1 -1 0
129 57 626 331 79 174 -1 -1 -1 0
129 58 556 275 94 157 -1 -1 -1 0
129 62 358 263 88 184 -1 -1 -1 0
129 68 729 392 139 199 -1 -1 -1 0
130 1 800 240 86 129 -1 -1 -1 0
130 40 415 279 81 139 -1 -1 -1 0
130 50 639 272 81 146 -1 -1 -1 0
130 56 387 300 90 183 -1 -1 -1 0
130 57 622 329 65 172 -1 -1 -1 0
130 58 554 273 91 159 -1 -1 -1 0
130 62 350 275 97 181 -1 -1 -1 0
130 68 761 389 149 213 -1 -1 -1 0
131 1 832 239 83 126 -1 -1 -1 0
131 40 419 271 66 187 -1 -1 -1 0
131 50 642 273 104 144 -1 -1 -1 0
131 56 370 306 101 187 -1 -1 -1 0
131 57 599 331 81 177 -1 -1 -1 0
131 58 555 263 88 165 -1 -1 -1 0
131 62 358 274 86 179 -1 -1 -1 0
131 68 825 393 114 220 -1 -1 -1 0
132 1 861 233 74 132 -1 -1 -1 0
132 40 389 258 69 183 -1 -1 -1 0
132 50 672 282 99 133 -1 -1 -1 0
132 56 370 311 97 184 -1 -1 -1 0
132 57 587 338 85 177 -1 -1 -1 0
132 58 555 256 82 166 -1 -1 -1 0
132 61 880 399 133 217 -1 -1 -1 0
132 62 356 273 87 181 -1 -1 -1 0
132 68 858 394 118 223 -1 -1 -1 0
133 1 871 230 90 144 -1 -1 -1 0
133 40 405 255 69 196 -1 -1 -1 0
133 50 675 276 138 132 -1 -1 -1 0
133 56 364 303 94 191 -1 -1 -1 0
133 57 591 336 78 180 -1 -1 -1 0
133 58 555 255 76 164 -1 -1 -1 0
133 61 863 402 137 217 -1 -1 -1 0
134 1 899 232 87 149 -1 -1 -1 0
134 40 420 267 70 176 -1 -1 -1 0
134 50 708 274 123 148 -1 -1 -1 0
134 56 359 295 77 199 -1 -1 -1 0
134 57 582 334 84 178 -1 -1 -1 0
134 58 555 256 71 156 -1 -1 -1 0
134 62 413 290 79 174 -1 -1 -1 0
135 1 939 240 68 140 -1 -1 -1 0
135 40 427 270 85 172 -1 -1 -1 0
135 50 765 277 94 149 -1 -1 -1 0
135 56 349 299 80 202 -1 -1 -1 0
135 57 563 343 102 172 -1 -1 -1 0
135 58 555 246 71 165 -1 -1 -1 0
135 62 415 295 99 167 -1 -1 -1 0
136 1 948 235 89 145 -1 -1 -1 0
136 40 421 297 95 166 -1 -1 -1 0
136 50 775 276 121 147 -1 -1 -1 0
136 56 332 319 79 203 -1 -1 -1 0
136 57 563 345 100 186 -1 -1 -1 0
136 58 554 242 73 165 -1 -1 -1 0
136 62 403 271 138 171 -1 -1 -1 0
137 1 962 235 108 153 -1 -1 -1 0
137 40 426 300 90 163 -1 -1 -1 0
137 50 818 275 120 150 -1 -1 -1 0
137 56 324 333 92 198 -1 -1 -1 0
137 57 570 341 95 194 -1 -1 -1 0
137 58 547 246 84 155 -1 -1 -1 0
137 62 469 275 102 163 -1 -1 -1 0
137 73 1152 419 127 245 -1 -1 -1 0
138 1 1001 232 99 166 -1 -1 -1 0
138 40 426 295 89 165 -1 -1 -1 0
138 50 888 279 88 153 -1 -1 -1 0
138 56 307 342 99 198 -1 -1 -1 0
138 57 597 342 79 190 -1 -1 -1 0
138 58 539 255 95 145 -1 -1 -1 0
138 62 486 275 105 164 -1 -1 -1 0
138 73 1182 422 97 248 -1 -1 -1 0
139 1 1039 247 95 152 -1 -1 -1 0
139 40 422 287 90 173 -1 -1 -1 0
139 50 905 275 119 155 -1 -1 -1 0
139 56 306 355 96 187 -1 -1 -1 0
139 57 598 350 91 185 -1 -1 -1 0
139 58 547 256 89 141 -1 -1 -1 0
139 62 490 270 107 167 -1 -1 -1 0
140 1 1056 245 102 153 -1 -1 -1 0
140 40 419 272 85 185 -1 -1 -1 0
140 50 930 268 132 150 -1 -1 -1 0
140 56 302 361 103 180 -1 -1 -1 0
140 57 596 354 117 191 -1 -1 -1 0
140 58 573 252 77 141 -1 -1 -1 0
140 62 502 270 119 159 -1 -1 -1 0
141 1 1082 242 114 168 -1 -1 -1 0
141 40 416 263 75 195 -1 -1 -1 0
141 50 986 260 106 164 -1 -1 -1 0
141 56 301 359 118 194 -1 -1 -1 0
141 57 600 351 114 196 -1 -1 -1 0
141 58 579 251 88 138 -1 -1 -1 0
141 62 556 279 70 163 -1 -1 -1 0
142 1 1126 250 95 172 -1 -1 -1 0
142 40 412 262 67 194 -1 -1 -1 0
142 50 1040 254 93 167 -1 -1 -1 0
142 56 315 366 115 219 -1 -1 -1 0
142 57 637 348 86 197 -1 -1 -1 0
142 58 600 244 89 141 -1 -1 -1 0
142 62 561 289 92 152 -1 -1 -1 0
143 1 1147 251 99 176 -1 -1 -1 0
143 2 1179 259 71 160 -1 -1 -1 0
143 40 407 258 62 178 -1 -1 -1 0
143 50 1049 242 117 162 -1 -1 -1 0
143 56 323 377 122 209 -1 -1 -1 0
143 57 650 348 85 202 -1 -1 -1 0
143 58 601 239 103 136 -1 -1 -1 0
143 62 559 285 126 149 -1 -1 -1 0
144 2 1171 262 108 157 -1 -1 -1 0
144 40 391 251 73 189 -1 -1 -1 0
144 50 1094 235 102 160 -1 -1 -1 0
144 56 328 382 131 221 -1 -1 -1 0
144 57 656 355 108 198 -1 -1 -1 0
144 58 620 236 101 140 -1 -1 -1 0
144 62 576 282 128 154 -1 -1 -1 0
145 2 1189 263 90 160 -1 -1 -1 0
145 40 365 246 82 201 -1 -1 -1 0
145 50 1141 236 83 164 -1 -1 -1 0
145 56 352 387 121 224 -1 -1 -1 0
145 57 639 356 131 201 -1 -1 -1 0
145 58 639 235 96 146 -1 -1 -1 0
145 62 624 283 111 160 -1 -1 -1 0
146 2 1226 280 53 154 -1 -1 -1 0
146 40 335 249 91 195 -1 -1 -1 0
146 50 1131 245 115 149 -1 -1 -1 0
146 56 362 394 126 222 -1 -1 -1 0
146 57 638 348 112 207 -1 -1 -1 0
146 58 629 223 120 146 -1 -1 -1 0
146 62 628 276 121 162 -1 -1 -1 0
147 2 1231 276 48 152 -1 -1 -1 0
147 40 303 264 103 177 -1 -1 -1 0
147 50 1130 232 133 153 -1 -1 -1 0
147 56 350 391 157 227 -1 -1 -1 0
147 57 651 335 89 212 -1 -1 -1 0
147 58 640 217 115 148 -1 -1 -1 0
147 62 627 268 119 176 -1 -1 -1 0
148 2 1215 260 64 163 -1 -1 -1 0
148 40 267 264 117 171 -1 -1 -1 0
148 50 1155 229 111 146 -1 -1 -1 0
148 56 374 397 152 240 -1 -1 -1 0
148 57 663 326 74 216 -1 -1 -1 0
148 58 663 212 85 141 -1 -1 -1 0
148 62 673 267 74 175 -1 -1 -1 0
149 1 661 252 92 168 -1 -1 -1 0
149 2 1218 263 61 180 -1 -1 -1 0
149 40 232 258 132 172 -1 -1 -1 0
149 50 1139 209 117 153 -1 -1 -1 0
149 56 402 395 145 233 -1 -1 -1 0
149 57 635 334 85 209 -1 -1 -1 0
149 58 631 199 110 138 -1 -1 -1 0
149 62 686 266 76 176 -1 -1 -1 0
150 1 617 244 125 180 -1 -1 -1 0
150 2 1204 256 75 177 -1 -1 -1 0
150 40 202 256 124 161 -1 -1 -1 0
150 50 1154 204 124 153 -1 -1 -1 0
150 56 372 393 166 240 -1 -1 -1 0
150 57 580 335 128 208 -1 -1 -1 0
150 58 601 184 118 146 -1 -1 -1 0
151 1 605 244 106 184 -1 -1 -1 0
151 2 1125 250 116 179 -1 -1 -1 0
151 40 133 244 153 170 -1 -1 -1 0
151 56 381 406 141 240 -1 -1 -1 0
151 57 516 335 149 209 -1 -1 -1 0
151 58 595 182 81 141 -1 -1 -1 0
152 1 594 237 94 169 -1 -1 -1 0
152 2 1071 250 124 196 -1 -1 -1 0
152 40 68 234 155 185 -1 -1 -1 0
152 56 407 414 124 258 -1 -1 -1 0
152 57 486 338 134 204 -1 -1 -1 0
152 58 541 176 100 146 -1 -1 -1 0
152 74 1067 184 98 132 -1 -1 -1 0
153 1 570 236 96 170 -1 -1 -1 0
153 2 1043 264 100 189 -1 -1 -1 0
153 40 17 237 140 190 -1 -1 -1 0
153 56 349 419 185 248 -1 -1 -1 0
153 57 443 335 146 204 -1 -1 -1 0
153 58 486 170 116 141 -1 -1 -1 0
153 61 530 237 120 191 -1 -1 -1 0
153 74 985 181 121 136 -1 -1 -1 0
154 2 985 262 105 181 -1 -1 -1 0
154 40 0 240 91 189 -1 -1 -1 0
154 56 410 428 105 276 -1 -1 -1 0
154 57 387 336 149 203 -1 -1 -1 0
154 58 460 174 85 148 -1 -1 -1 0
154 61 495 238 122 204 -1 -1 -1 0
154 74 943 180 107 132 -1 -1 -1 0
155 1 490 246 78 197 -1 -1 -1 0
155 2 930 269 113 190 -1 -1 -1 0
155 40 0 238 41 192 -1 -1 -1 0
155 56 421 438 118 274 -1 -1 -1 0
155 57 353 345 137 196 -1 -1 -1 0
155 58 410 168 90 159 -1 -1 -1 0
155 61 474 234 123 205 -1 -1 -1 0
155 74 920 179 75 130 -1 -1 -1 0
156 1 461 247 77 200 -1 -1 -1 0
156 2 894 277 114 217 -1 -1 -1 0
156 40 0 236 4 194 -1 -1 -1 0
156 56 431 441 122 271 -1 -1 -1 0
156 57 363 353 94 199 -1 -1 -1 0
156 58 365 176 104 142 -1 -1 -1 0
156 61 428 250 123 182 -1 -1 -1 0
156 74 853 173 98 133 -1 -1 -1 0
157 2 863 279 120 222 -1 -1 -1 0
157 56 454 446 128 268 -1 -1 -1 0
157 57 303 350 152 208 -1 -1 -1 0
157 58 336 180 104 147 -1 -1 -1 0
157 61 405 245 147 202 -1 -1 -1 0
157 62 891 289 85 205 -1 -1 -1 0
157 74 810 175 118 137 -1 -1 -1 0
158 2 1076 308 87 216 -1 -1 -1 0
158 56 502 464 97 251 -1 -1 -1 0
158 57 294 355 127 212 -1 -1 -1 0
158 58 340 177 67 152 -1 -1 -1 0
158 61 397 252 132 203 -1 -1 -1 0
158 62 834 288 123 203 -1 -1 -1 0
158 74 805 177 87 137 -1 -1 -1 0
159 1 409 254 111 201 -1 -1 -1 0
159 2 1079 312 89 220 -1 -1 -1 0
159 56 536 473 94 241 -1 -1 -1 0
159 57 300 351 95 216 -1 -1 -1 0
159 58 300 182 101 146 -1 -1 -1 0
159 61 375 252 134 204 -1 -1 -1 0
159 62 800 294 166 232 -1 -1 -1 0
159 68 1120 231 100 172 -1 -1 -1 0
159 74 778 174 91 140 -1 -1 -1 0
160 1 398 249 114 214 -1 -1 -1 0
160 2 967 312 108 205 -1 -1 -1 0
160 56 563 461 142 254 -1 -1 -1 0
160 57 269 339 123 229 -1 -1 -1 0
160 58 280 186 124 144 -1 -1 -1 0
160 62 816 315 144 233 -1 -1 -1 0
160 68 1091 235 71 168 -1 -1 -1 0
160 74 742 171 114 140 -1 -1 -1 0
161 1 392 255 124 219 -1 -1 -1 0
161 2 914 311 103 202 -1 -1 -1 0
161 50 1206 265 73 202 -1 -1 -1 0
161 56 607 466 138 249 -1 -1 -1 0
161 57 273 333 89 217 -1 -1 -1 0
161 58 288 193 82 136 -1 -1 -1 0
161 62 833 320 130 224 -1 -1 -1 0
161 68 1042 225 81 171 -1 -1 -1 0
161 74 734 173 101 143 -1 -1 -1 0
162 1 415 265 100 207 -1 -1 -1 0
162 2 869 310 87 197 -1 -1 -1 0
162 50 1147 251 104 208 -1 -1 -1 0
162 56 663 475 101 241 -1 -1 -1 0
162 57 257 329 101 215 -1 -1 -1 0
162 58 275 192 86 145 -1 -1 -1 0
162 62 812 321 145 231 -1 -1 -1 0
162 68 999 222 92 165 -1 -1 -1 0
162 74 735 180 72 133 -1 -1 -1 0
163 1 388 252 129 218 -1 -1 -1 0
163 2 842 303 87 190 -1 -1 -1 0
163 50 1092 236 90 205 -1 -1 -1 0
163 56 717 461 97 256 -1 -1 -1 0
163 57 221 328 136 202 -1 -1 -1 0
163 58 254 192 121 147 -1 -1 -1 0
163 62 816 332 185 241 -1 -1 -1 0
163 68 979 225 72 160 -1 -1 -1 0
163 74 706 174 90 136 -1 -1 -1 0
164 1 377 257 177 212 -1 -1 -1 0
164 2 807 305 70 200 -1 -1 -1 0
164 50 1039 235 77 193 -1 -1 -1 0
164 56 759 447 99 270 -1 -1 -1 0
164 57 234 341 107 187 -1 -1 -1 0
164 58 272 202 81 141 -1 -1 -1 0
164 62 870 343 112 236 -1 -1 -1 0
164 68 948 227 71 152 -1 -1 -1 0
164 74 690 177 104 135 -1 -1 -1 0
165 1 378 273 153 208 -1 -1 -1 0
165 2 763 311 73 196 -1 -1 -1 0
165 50 985 245 75 186 -1 -1 -1 0
165 56 801 453 92 263 -1 -1 -1 0
165 57 245 348 102 184 -1 -1 -1 0
165 58 262 200 93 150 -1 -1 -1 0
165 62 878 343 113 233 -1 -1 -1 0
165 68 916 226 71 145 -1 -1 -1 0
165 74 692 184 80 132 -1 -1 -1 0
166 1 413 269 89 211 -1 -1 -1 0
166 2 731 311 68 190 -1 -1 -1 0
166 50 929 249 76 172 -1 -1 -1 0
166 56 815 462 122 254 -1 -1 -1 0
166 57 211 345 141 177 -1 -1 -1 0
166 58 251 193 106 145 -1 -1 -1 0
166 62 864 344 151 236 -1 -1 -1 0
166 68 885 231 65 137 -1 -1 -1 0
166 74 676 184 82 133 -1 -1 -1 0
167 1 427 263 73 218 -1 -1 -1 0
167 2 704 304 65 192 -1 -1 -1 0
167 50 840 243 111 168 -1 -1 -1 0
167 56 849 449 118 265 -1 -1 -1 0
167 57 220 353 126 171 -1 -1 -1 0
167 58 275 197 78 148 -1 -1 -1 0
167 62 908 350 134 248 -1 -1 -1 0
167 68 840 232 82 132 -1 -1 -1 0
167 74 651 188 107 129 -1 -1 -1 0
168 1 416 266 88 206 -1 -1 -1 0
168 2 681 305 61 184 -1 -1 -1 0
168 50 791 223 87 180 -1 -1 -1 0
168 56 879 441 119 272 -1 -1 -1 0
168 57 261 361 88 166 -1 -1 -1 0
168 58 285 202 68 154 -1 -1 -1 0
168 62 942 358 119 239 -1 -1 -1 0
168 68 812 231 82 128 -1 -1 -1 0
168 74 653 196 89 124 -1 -1 -1 0
169 1 398 279 121 198 -1 -1 -1 0
169 2 647 313 79 180 -1 -1 -1 0
169 50 745 216 77 189 -1 -1 -1 0
169 56 914 445 113 268 -1 -1 -1 0
169 57 231 360 131 171 -1 -1 -1 0
169 58 284 220 80 141 -1 -1 -1 0
169 62 928 357 136 250 -1 -1 -1 0
169 68 795 223 55 143 -1 -1 -1 0
169 74 668 196 61 125 -1 -1 -1 0
170 1 397 292 150 183 -1 -1 -1 0
170 2 622 323 102 171 -1 -1 -1 0
170 50 693 223 86 173 -1 -1 -1 0
170 56 942 444 108 272 -1 -1 -1 0
170 57 243 365 144 172 -1 -1 -1 0
170 58 254 229 136 135 -1 -1 -1 0
170 62 942 370 178 243 -1 -1 -1 0
170 68 770 226 60 144 -1 -1 -1 0
170 74 645 192 74 126 -1 -1 -1 0
171 1 396 292 138 187 -1 -1 -1 0
171 2 592 325 112 171 -1 -1 -1 0
171 50 650 245 96 139 -1 -1 -1 0
171 56 980 433 92 281 -1 -1 -1 0
171 57 275 372 94 166 -1 -1 -1 0
171 58 267 239 111 133 -1 -1 -1 0
171 62 1001 392 102 226 -1 -1 -1 0
171 68 743 231 58 141 -1 -1 -1 0
171 74 637 196 85 119 -1 -1 -1 0
172 1 419 289 88 192 -1 -1 -1 0
172 2 566 328 115 168 -1 -1 -1 0
172 50 609 259 95 145 -1 -1 -1 0
172 56 970 422 117 288 -1 -1 -1 0
172 57 271 367 111 166 -1 -1 -1 0
172 58 299 239 81 129 -1 -1 -1 0
172 61 575 318 113 174 -1 -1 -1 0
172 62 1009 388 106 223 -1 -1 -1 0
172 68 713 231 57 139 -1 -1 -1 0
172 74 645 202 62 125 -1 -1 -1 0
173 1 425 276 81 195 -1 -1 -1 0
173 50 559 256 122 142 -1 -1 -1 0
173 56 985 418 123 290 -1 -1 -1 0
173 57 263 366 156 177 -1 -1 -1 0
173 58 282 239 117 137 -1 -1 -1 0
173 61 585 308 96 183 -1 -1 -1 0
173 62 990 380 161 214 -1 -1 -1 0
173 68 688 227 53 136 -1 -1 -1 0
173 74 635 200 55 118 -1 -1 -1 0
173 80 0 301 65 209 -1 -1 -1 0
174 1 426 280 98 195 -1 -1 -1 0
174 50 552 257 107 141 -1 -1 -1 0
174 56 997 427 134 271 -1 -1 -1 0
174 57 286 375 128 183 -1 -1 -1 0
174 58 294 246 104 136 -1 -1 -1 0
174 61 579 311 81 174 -1 -1 -1 0
174 62 996 381 147 221 -1 -1 -1 0
174 68 662 224 60 133 -1 -1 -1 0
174 74 624 202 55 115 -1 -1 -1 0
174 80 0 295 117 221 -1 -1 -1 0
175 1 429 293 109 185 -1 -1 -1 0
175 50 546 257 87 139 -1 -1 -1 0
175 56 1047 414 99 273 -1 -1 -1 0
175 57 327 373 90 184 -1 -1 -1 0
175 58 324 237 61 142 -1 -1 -1 0
175 61 572 315 74 168 -1 -1 -1 0
175 62 1016 362 118 214 -1 -1 -1 0
175 68 641 227 62 130 -1 -1 -1 0
175 74 610 204 58 113 -1 -1 -1 0
175 80 0 304 135 215 -1 -1 -1 0
176 1 418 294 124 183 -1 -1 -1 0
176 50 532 260 89 138 -1 -1 -1 0
176 56 1063 403 119 288 -1 -1 -1 0
176 57 320 370 112 199 -1 -1 -1 0
176 58 325 232 70 143 -1 -1 -1 0
176 61 563 323 99 165 -1 -1 -1 0
176 62 1008 347 97 229 -1 -1 -1 0
176 68 617 231 79 126 -1 -1 -1 0
176 74 594 206 59 114 -1 -1 -1 0
176 80 15 318 109 204 -1 -1 -1 0
177 1 429 291 99 177 -1 -1 -1 0
177 50 511 269 101 129 -1 -1 -1 0
177 56 1072 406 112 291 -1 -1 -1 0
177 57 320 379 142 200 -1 -1 -1 0
177 58 335 239 88 143 -1 -1 -1 0
177 61 547 323 118 165 -1 -1 -1 0
177 62 1013 346 106 221 -1 -1 -1 0
177 68 596 238 88 121 -1 -1 -1 0
177 74 574 210 73 107 -1 -1 -1 0
177 80 31 305 133 219 -1 -1 -1 0
178 1 427 284 87 174 -1 -1 -1 0
178 50 492 267 107 125 -1 -1 -1 0
178 56 1098 406 100 275 -1 -1 -1 0
178 57 350 388 103 198 -1 -1 -1 0
178 58 347 247 92 139 -1 -1 -1 0
178 61 564 320 84 171 -1 -1 -1 0
178 62 1012 352 111 214 -1 -1 -1 0
178 68 586 236 77 124 -1 -1 -1 0
178 74 576 202 59 115 -1 -1 -1 0
178 80 55 296 157 207 -1 -1 -1 0
179 1 425 280 94 167 -1 -1 -1 0
179 2 581 316 70 175 -1 -1 -1 0
179 50 492 268 92 119 -1 -1 -1 0
179 56 1119 393 89 276 -1 -1 -1 0
179 57 371 386 97 200 -1 -1 -1 0
179 58 353 257 82 129 -1 -1 -1 0
179 61 569 322 84 170 -1 -1 -1 0
179 62 1010 349 124 211 -1 -1 -1 0
179 68 577 237 71 119 -1 -1 -1 0
179 74 573 195 56 122 -1 -1 -1 0
179 80 109 299 115 205 -1 -1 -1 0
180 1 435 285 107 159 -1 -1 -1 0
180 2 594 318 73 173 -1 -1 -1 0
180 50 486 271 101 127 -1 -1 -1 0
180 56 1109 381 138 254 -1 -1 -1 0
180 57 378 389 138 200 -1 -1 -1 0
180 58 354 263 72 119 -1 -1 -1 0
180 62 1009 345 124 203 -1 -1 -1 0
180 68 567 239 75 120 -1 -1 -1 0
180 74 567 193 54 121 -1 -1 -1 0
180 80 163 305 108 204 -1 -1 -1 0
181 1 435 286 109 156 -1 -1 -1 0
181 2 607 327 94 168 -1 -1 -1 0
181 50 439 274 159 121 -1 -1 -1 0
181 56 1118 390 149 240 -1 -1 -1 0
181 57 415 402 114 194 -1 -1 -1 0
181 58 358 267 85 119 -1 -1 -1 0
181 61 455 297 111 147 -1 -1 -1 0
181 62 1001 333 106 201 -1 -1 -1 0
181 68 564 241 79 117 -1 -1 -1 0
181 74 565 197 51 121 -1 -1 -1 0
181 80 171 294 174 202 -1 -1 -1 0
182 2 621 337 111 165 -1 -1 -1 0
182 50 444 264 144 131 -1 -1 -1 0
182 56 1159 388 113 239 -1 -1 -1 0
182 57 445 406 90 202 -1 -1 -1 0
182 58 359 271 81 116 -1 -1 -1 0
182 61 462 298 106 146 -1 -1 -1 0
182 62 999 328 102 185 -1 -1 -1 0
182 68 560 242 78 115 -1 -1 -1 0
182 74 561 202 71 112 -1 -1 -1 0
182 80 236 308 136 182 -1 -1 -1 0
183 2 629 335 106 169 -1 -1 -1 0
183 50 445 259 134 146 -1 -1 -1 0
183 56 1208 377 71 246 -1 -1 -1 0
183 57 462 407 134 203 -1 -1 -1 0
183 58 366 268 72 117 -1 -1 -1 0
183 61 486 291 82 156 -1 -1 -1 0
183 62 999 327 91 180 -1 -1 -1 0
183 68 561 239 71 118 -1 -1 -1 0
183 74 563 207 67 108 -1 -1 -1 0
183 80 308 302 91 186 -1 -1 -1 0
184 2 649 322 86 180 -1 -1 -1 0
184 50 438 269 139 134 -1 -1 -1 0
184 56 1229 371 50 250 -1 -1 -1 0
184 57 478 408 122 208 -1 -1 -1 0
184 58 366 266 78 118 -1 -1 -1 0
184 61 504 284 74 154 -1 -1 -1 0
184 62 997 328 81 176 -1 -1 -1 0
184 68 563 238 67 120 -1 -1 -1 0
184 74 564 206 66 111 -1 -1 -1 0
184 80 334 288 129 195 -1 -1 -1 0
185 2 658 317 91 185 -1 -1 -1 0
185 50 459 274 111 124 -1 -1 -1 0
185 56 1241 373 38 244 -1 -1 -1 0
185 57 506 409 106 215 -1 -1 -1 0
185 58 368 268 69 114 -1 -1 -1 0
185 61 518 286 92 151 -1 -1 -1 0
185 62 998 324 75 180 -1 -1 -1 0
185 68 564 239 66 119 -1 -1 -1 0
185 74 568 203 63 114 -1 -1 -1 0
185 80 371 288 163 183 -1 -1 -1 0
186 2 662 326 114 182 -1 -1 -1 0
186 50 460 277 106 126 -1 -1 -1 0
186 56 1262 370 17 241 -1 -1 -1 0
186 57 539 404 88 215 -1 -1 -1 0
186 58 362 265 70 118 -1 -1 -1 0
186 61 531 290 108 153 -1 -1 -1 0
186 62 1001 322 74 180 -1 -1 -1 0
186 68 567 239 67 120 -1 -1 -1 0
186 74 573 202 58 115 -1 -1 -1 0
186 80 432 296 136 176 -1 -1 -1 0
187 2 661 345 136 170 -1 -1 -1 0
187 50 451 282 108 128 -1 -1 -1 0
187 57 560 405 100 215 -1 -1 -1 0
187 58 354 267 77 116 -1 -1 -1 0
187 61 549 289 95 152 -1 -1 -1 0
187 62 1004 313 72 180 -1 -1 -1 0
187 68 571 239 69 112 -1 -1 -1 0
187 74 578 203 55 112 -1 -1 -1 0
187 80 510 294 71 176 -1 -1 -1 0
188 1 575 280 76 161 -1 -1 -1 0
188 2 662 360 136 166 -1 -1 -1 0
188 50 452 281 109 125 -1 -1 -1 0
188 57 582 415 100 213 -1 -1 -1 0
188 58 341 262 89 124 -1 -1 -1 0
188 61 551 296 72 158 -1 -1 -1 0
188 62 1011 301 64 184 -1 -1 -1 0
188 68 573 238 65 126 -1 -1 -1 0
188 74 573 203 58 124 -1 -1 -1 0
188 80 530 293 72 174 -1 -1 -1 0
189 1 604 271 69 175 -1 -1 -1 0
189 2 659 361 123 166 -1 -1 -1 0
189 50 452 278 110 127 -1 -1 -1 0
189 57 604 424 110 208 -1 -1 -1 0
189 58 337 256 84 130 -1 -1 -1 0
189 61 575 289 82 166 -1 -1 -1 0
189 62 1014 298 63 176 -1 -1 -1 0
189 68 577 235 56 122 -1 -1 -1 0
189 74 573 204 56 115 -1 -1 -1 0
190 1 630 264 65 162 -1 -1 -1 0
190 2 664 360 85 167 -1 -1 -1 0
190 50 453 274 107 130 -1 -1 -1 0
190 57 624 430 120 204 -1 -1 -1 0
190 58 337 254 72 132 -1 -1 -1 0
190 61 581 288 84 168 -1 -1 -1 0
190 62 1017 300 65 169 -1 -1 -1 0
190 68 578 233 74 121 -1 -1 -1 0
190 74 573 205 57 113 -1 -1 -1 0
190 80 602 285 83 171 -1 -1 -1 0
191 1 644 270 71 169 -1 -1 -1 0
191 2 665 364 81 158 -1 -1 -1 0
191 50 454 275 106 130 -1 -1 -1 0
191 57 642 439 110 199 -1 -1 -1 0
191 58 334 256 69 138 -1 -1 -1 0
191 62 1019 306 65 163 -1 -1 -1 0
191 68 579 231 63 124 -1 -1 -1 0
191 74 574 205 53 112 -1 -1 -1 0
191 80 629 285 73 159 -1 -1 -1 0
192 1 672 282 104 157 -1 -1 -1 0
192 2 656 370 87 158 -1 -1 -1 0
192 50 447 278 113 129 -1 -1 -1 0
192 57 656 440 101 197 -1 -1 -1 0
192 58 329 263 73 130 -1 -1 -1 0
192 62 1022 303 63 164 -1 -1 -1 0
192 68 580 233 59 123 -1 -1 -1 0
192 74 573 207 54 110 -1 -1 -1 0
192 80 644 285 76 155 -1 -1 -1 0
193 1 694 290 102 150 -1 -1 -1 0
193 2 651 364 89 172 -1 -1 -1 0
193 50 444 281 115 126 -1 -1 -1 0
193 57 668 432 91 203 -1 -1 -1 0
193 58 333 262 75 132 -1 -1 -1 0
193 62 1022 298 68 170 -1 -1 -1 0
193 68 576 233 63 123 -1 -1 -1 0
193 74 572 208 53 109 -1 -1 -1 0
193 80 653 293 108 158 -1 -1 -1 0
194 1 699 287 94 152 -1 -1 -1 0
194 2 645 361 98 173 -1 -1 -1 0
194 50 443 281 117 125 -1 -1 -1 0
194 57 674 430 88 205 -1 -1 -1 0
194 58 335 255 78 139 -1 -1 -1 0
194 62 1023 301 80 170 -1 -1 -1 0
194 68 573 233 66 123 -1 -1 -1 0
194 74 565 215 61 102 -1 -1 -1 0
194 80 653 292 106 157 -1 -1 -1 0
195 1 699 280 92 157 -1 -1 -1 0
195 2 639 356 99 156 -1 -1 -1 0
195 50 447 277 112 128 -1 -1 -1 0
195 57 678 431 84 204 -1 -1 -1 0
195 58 338 251 91 142 -1 -1 -1 0
195 62 1022 311 93 166 -1 -1 -1 0
195 68 570 231 71 121 -1 -1 -1 0
195 74 540 216 81 99 -1 -1 -1 0
195 80 651 274 100 170 -1 -1 -1 0
196 1 696 279 96 156 -1 -1 -1 0
196 2 624 352 111 160 -1 -1 -1 0
196 50 452 268 106 133 -1 -1 -1 0
196 57 675 431 86 203 -1 -1 -1 0
196 58 334 248 110 134 -1 -1 -1 0
196 62 1020 321 103 165 -1 -1 -1 0
196 68 568 236 73 114 -1 -1 -1 0
196 74 531 224 85 95 -1 -1 -1 0
196 80 642 260 88 173 -1 -1 -1 0
197 1 682 277 109 160 -1 -1 -1 0
197 2 617 353 109 161 -1 -1 -1 0
197 50 459 262 97 137 -1 -1 -1 0
197 57 669 432 89 203 -1 -1 -1 0
197 58 331 249 107 132 -1 -1 -1 0
197 62 1018 327 105 162 -1 -1 -1 0
197 68 562 244 78 114 -1 -1 -1 0
197 74 527 224 95 102 -1 -1 -1 0
197 80 631 255 84 175 -1 -1 -1 0
198 1 682 278 105 158 -1 -1 -1 0
198 2 614 349 103 164 -1 -1 -1 0
198 50 468 261 92 134 -1 -1 -1 0
198 57 662 432 89 204 -1 -1 -1 0
198 58 335 248 111 127 -1 -1 -1 0
198 62 1021 328 99 161 -1 -1 -1 0
198 68 564 241 73 116 -1 -1 -1 0
198 74 520 219 95 99 -1 -1 -1 0
198 80 614 256 90 178 -1 -1 -1 0
199 1 669 276 106 160 -1 -1 -1 0
199 2 609 348 100 166 -1 -1 -1 0
199 50 467 265 95 130 -1 -1 -1 0
199 57 652 431 90 205 -1 -1 -1 0
199 58 347 251 109 118 -1 -1 -1 0
199 62 1022 327 92 160 -1 -1 -1 0
199 68 565 234 59 106 -1 -1 -1 0
199 74 518 214 80 108 -1 -1 -1 0
199 80 582 265 102 171 -1 -1 -1 0
200 1 644 270 111 159 -1 -1 -1 0
200 2 606 352 94 163 -1 -1 -1 0
200 50 463 261 92 135 -1 -1 -1 0
200 57 638 431 94 206 -1 -1 -1 0
200 58 389 249 76 120 -1 -1 -1 0
200 62 1013 326 91 160 -1 -1 -1 0
200 68 553 239 62 97 -1 -1 -1 0
200 74 521 216 60 108 -1 -1 -1 0
200 80 545 283 113 158 -1 -1 -1 0
