9 1 594 260 131 155 -1 -1 -1 0
9 2 749 289 88 122 -1 -1 -1 0
10 1 602 269 94 152 -1 -1 -1 0
10 2 754 284 97 125 -1 -1 -1 0
11 1 590 266 88 154 -1 -1 -1 0
11 2 749 275 105 125 -1 -1 -1 0
12 1 575 263 107 154 -1 -1 -1 0
12 2 749 280 91 118 -1 -1 -1 0
13 1 558 268 126 164 -1 -1 -1 0
13 2 744 272 89 119 -1 -1 -1 0
14 1 552 275 90 158 -1 -1 -1 0
14 2 740 261 108 136 -1 -1 -1 0
15 1 546 273 86 160 -1 -1 -1 0
15 2 740 266 98 126 -1 -1 -1 0
16 1 525 269 118 156 -1 -1 -1 0
16 2 743 260 80 129 -1 -1 -1 0
17 1 496 270 149 171 -1 -1 -1 0
17 2 738 255 96 128 -1 -1 -1 0
18 1 506 278 102 169 -1 -1 -1 0
18 2 735 258 101 129 -1 -1 -1 0
19 1 492 273 98 171 -1 -1 -1 0
19 2 738 256 73 130 -1 -1 -1 0
20 1 481 272 123 173 -1 -1 -1 0
20 2 735 254 84 128 -1 -1 -1 0
21 1 453 276 150 177 -1 -1 -1 0
21 2 724 255 105 129 -1 -1 -1 0
22 1 463 284 101 171 -1 -1 -1 0
22 2 741 256 78 132 -1 -1 -1 0
23 1 453 285 90 176 -1 -1 -1 0
23 2 742 259 64 129 -1 -1 -1 0
24 1 420 278 133 171 -1 -1 -1 0
24 2 714 252 107 136 -1 -1 -1 0
25 1 383 281 162 173 -1 -1 -1 0
25 2 712 259 101 135 -1 -1 -1 0
26 1 391 293 115 170 -1 -1 -1 0
26 2 710 261 81 129 -1 -1 -1 0
27 1 379 289 86 173 -1 -1 -1 0
27 2 723 256 77 133 -1 -1 -1 0
28 1 374 276 118 185 -1 -1 -1 0
28 2 710 257 109 136 -1 -1 -1 0
29 1 348 282 150 184 -1 -1 -1 0
29 2 738 264 83 135 -1 -1 -1 0
30 1 371 293 108 178 -1 -1 -1 0
30 2 752 269 72 134 -1 -1 -1 0
31 1 371 286 86 182 -1 -1 -1 0
31 2 756 269 97 131 -1 -1 -1 0
32 1 354 279 130 180 -1 -1 -1 0
32 2 764 274 107 137 -1 -1 -1 0
32 6 45 263 57 186 -1 -1 -1 0
33 1 324 281 163 187 -1 -1 -1 0
33 2 790 278 74 134 -1 -1 -1 0
33 6 93 267 80 176 -1 -1 -1 0
34 1 352 288 117 183 -1 -1 -1 0
34 2 792 275 77 135 -1 -1 -1 0
34 6 144 270 78 174 -1 -1 -1 0
34 7 6 225 47 160 -1 -1 -1 0
35 1 356 285 80 184 -1 -1 -1 0
35 2 788 267 98 155 -1 -1 -1 0
35 6 190 267 70 170 -1 -1 -1 0
35 7 44 228 55 152 -1 -1 -1 0
35 8 4 328 76 178 -1 -1 -1 0
36 1 349 280 104 185 -1 -1 -1 0
36 2 800 276 97 155 -1 -1 -1 0
36 6 234 269 63 164 -1 -1 -1 0
36 7 89 224 52 152 -1 -1 -1 0
36 8 46 327 79 179 -1 -1 -1 0
37 1 327 281 135 182 -1 -1 -1 0
37 2 819 283 74 150 -1 -1 -1 0
37 6 278 268 62 170 -1 -1 -1 0
37 7 132 225 55 150 -1 -1 -1 0
37 8 93 328 78 173 -1 -1 -1 0
38 1 357 288 88 177 -1 -1 -1 0
38 2 830 277 85 164 -1 -1 -1 0
38 6 317 267 60 172 -1 -1 -1 0
38 7 179 222 56 151 -1 -1 -1 0
38 8 145 325 67 172 -1 -1 -1 0
39 1 364 281 57 178 -1 -1 -1 0
39 2 826 285 113 167 -1 -1 -1 0
39 3 2 196 59 138 -1 -1 -1 0
39 6 362 273 52 164 -1 -1 -1 0
39 7 221 220 53 146 -1 -1 -1 0
39 8 185 322 74 176 -1 -1 -1 0
40 1 350 276 95 180 -1 -1 -1 0
40 2 837 290 104 164 -1 -1 -1 0
40 3 40 200 61 133 -1 -1 -1 0
40 6 398 272 51 169 -1 -1 -1 0
40 7 253 222 60 144 -1 -1 -1 0
40 8 232 319 71 174 -1 -1 -1 0
41 1 341 273 106 175 -1 -1 -1 0
41 2 849 293 79 161 -1 -1 -1 0
41 3 75 197 63 128 -1 -1 -1 0
41 6 435 269 50 172 -1 -1 -1 0
41 7 277 216 79 146 -1 -1 -1 0
41 8 275 315 70 171 -1 -1 -1 0
42 1 373 280 85 164 -1 -1 -1 0
42 2 862 294 70 169 -1 -1 -1 0
42 3 114 200 69 129 -1 -1 -1 0
42 6 461 268 56 172 -1 -1 -1 0
42 7 307 216 82 144 -1 -1 -1 0
42 8 310 311 72 173 -1 -1 -1 0
42 9 1 350 57 253 -1 -1 -1 0
43 1 403 270 65 171 -1 -1 -1 0
43 2 864 301 76 169 -1 -1 -1 0
43 3 157 199 60 122 -1 -1 -1 0
43 6 484 261 67 175 -1 -1 -1 0
43 7 347 215 80 143 -1 -1 -1 0
43 8 354 309 69 172 -1 -1 -1 0
43 9 23 347 86 242 -1 -1 -1 0
44 1 401 267 82 169 -1 -1 -1 0
44 2 856 322 96 156 -1 -1 -1 0
44 3 197 198 54 122 -1 -1 -1 0
44 6 525 262 59 175 -1 -1 -1 0
44 7 379 217 87 142 -1 -1 -1 0
44 8 406 311 60 165 -1 -1 -1 0
44 9 66 351 78 234 -1 -1 -1 0
44 10 3 234 68 194 -1 -1 -1 0
45 1 410 267 91 161 -1 -1 -1 0
45 2 873 330 102 150 -1 -1 -1 0
45 3 220 205 72 110 -1 -1 -1 0
45 6 550 263 65 173 -1 -1 -1 0
45 7 404 215 105 142 -1 -1 -1 0
45 8 436 318 68 158 -1 -1 -1 0
45 10 23 231 93 184 -1 -1 -1 0
45 9 93 347 92 235 -1 -1 -1 0
46 1 411 274 103 154 -1 -1 -1 0
46 2 887 320 85 147 -1 -1 -1 0
46 3 251 199 64 119 -1 -1 -1 0
46 4 10 391 113 256 -1 -1 -1 0
46 6 577 263 68 176 -1 -1 -1 0
46 7 432 225 103 134 -1 -1 -1 0
46 8 471 315 61 159 -1 -1 -1 0
46 10 53 236 96 187 -1 -1 -1 0
46 9 136 350 82 231 -1 -1 -1 0
47 1 443 277 93 155 -1 -1 -1 0
47 2 886 304 72 155 -1 -1 -1 0
47 3 271 200 59 117 -1 -1 -1 0
47 4 79 385 84 253 -1 -1 -1 0
47 6 601 267 64 170 -1 -1 -1 0
47 7 455 218 90 139 -1 -1 -1 0
47 8 492 318 65 163 -1 -1 -1 0
47 10 69 236 102 178 -1 -1 -1 0
47 9 160 350 86 229 -1 -1 -1 0
48 1 465 263 91 163 -1 -1 -1 0
48 2 880 287 81 165 -1 -1 -1 0
48 3 279 198 54 119 -1 -1 -1 0
48 4 112 385 85 265 -1 -1 -1 0
48 6 619 265 58 168 -1 -1 -1 0
48 7 474 220 90 147 -1 -1 -1 0
48 8 506 320 64 156 -1 -1 -1 0
48 10 85 238 107 173 -1 -1 -1 0
48 9 179 345 87 231 -1 -1 -1 0
49 1 490 265 85 163 -1 -1 -1 0
49 2 879 282 79 155 -1 -1 -1 0
49 3 278 198 62 121 -1 -1 -1 0
49 4 128 385 112 257 -1 -1 -1 0
49 6 637 254 51 176 -1 -1 -1 0
49 7 492 219 84 148 -1 -1 -1 0
49 8 517 315 66 162 -1 -1 -1 0
49 10 111 241 103 179 -1 -1 -1 0
49 9 197 339 78 236 -1 -1 -1 0
50 1 497 269 113 164 -1 -1 -1 0
50 2 879 277 70 151 -1 -1 -1 0
50 3 269 208 66 115 -1 -1 -1 0
50 4 163 393 111 244 -1 -1 -1 0
50 5 1 263 63 204 -1 -1 -1 0
50 6 649 244 45 176 -1 -1 -1 0
50 7 514 222 70 154 -1 -1 -1 0
50 8 534 314 63 159 -1 -1 -1 0
50 10 127 234 105 185 -1 -1 -1 0
50 9 200 335 81 236 -1 -1 -1 0
51 1 510 277 117 155 -1 -1 -1 0
51 2 874 272 78 154 -1 -1 -1 0
51 3 267 215 73 106 -1 -1 -1 0
51 4 195 389 101 242 -1 -1 -1 0
51 5 6 267 74 200 -1 -1 -1 0
51 6 651 241 52 168 -1 -1 -1 0
51 7 540 222 61 144 -1 -1 -1 0
51 8 536 302 65 165 -1 -1 -1 0
51 9 220 335 66 235 -1 -1 -1 0
51 10 141 234 105 181 -1 -1 -1 0
52 1 532 273 112 160 -1 -1 -1 0
52 2 882 270 75 151 -1 -1 -1 0
52 3 262 218 78 107 -1 -1 -1 0
52 4 245 388 67 254 -1 -1 -1 0
52 5 17 267 73 198 -1 -1 -1 0
52 6 654 241 62 167 -1 -1 -1 0
52 7 552 221 58 142 -1 -1 -1 0
52 8 546 301 68 160 -1 -1 -1 0
52 9 236 334 69 221 -1 -1 -1 0
52 10 158 237 100 184 -1 -1 -1 0
53 1 569 274 85 163 -1 -1 -1 0
53 2 885 267 66 140 -1 -1 -1 0
53 3 258 224 71 100 -1 -1 -1 0
53 4 260 382 98 244 -1 -1 -1 0
53 5 23 269 78 197 -1 -1 -1 0
53 6 663 244 53 169 -1 -1 -1 0
53 7 557 216 56 144 -1 -1 -1 0
53 8 555 302 83 158 -1 -1 -1 0
53 9 233 331 77 223 -1 -1 -1 0
53 10 176 237 92 178 -1 -1 -1 0
54 1 597 260 72 173 -1 -1 -1 0
54 2 875 263 59 143 -1 -1 -1 0
54 3 251 219 63 103 -1 -1 -1 0
54 4 275 389 131 242 -1 -1 -1 0
54 5 32 270 77 198 -1 -1 -1 0
54 6 669 250 47 161 -1 -1 -1 0
54 7 571 212 50 144 -1 -1 -1 0
54 8 564 303 85 155 -1 -1 -1 0
54 9 247 333 75 225 -1 -1 -1 0
54 10 206 236 68 179 -1 -1 -1 0
55 1 613 260 75 168 -1 -1 -1 0
55 2 874 265 53 133 -1 -1 -1 0
55 3 247 221 59 99 -1 -1 -1 0
55 4 290 393 139 245 -1 -1 -1 0
55 5 42 270 75 195 -1 -1 -1 0
55 6 674 241 45 167 -1 -1 -1 0
55 7 577 211 50 148 -1 -1 -1 0
55 8 575 302 77 156 -1 -1 -1 0
55 9 257 335 84 219 -1 -1 -1 0
55 10 217 231 63 182 -1 -1 -1 0
56 1 630 255 74 172 -1 -1 -1 0
56 2 866 281 62 113 -1 -1 -1 0
56 3 231 225 63 109 -1 -1 -1 0
56 4 324 384 127 241 -1 -1 -1 0
56 5 59 271 69 192 -1 -1 -1 0
56 6 682 243 46 161 -1 -1 -1 0
56 7 583 216 56 144 -1 -1 -1 0
56 8 592 301 70 158 -1 -1 -1 0
56 9 261 333 118 226 -1 -1 -1 0
56 10 225 240 71 168 -1 -1 -1 0
57 1 655 254 59 166 -1 -1 -1 0
57 2 861 294 68 99 -1 -1 -1 0
57 3 228 224 58 123 -1 -1 -1 0
57 4 371 364 104 248 -1 -1 -1 0
57 5 71 267 68 198 -1 -1 -1 0
57 6 688 237 48 162 -1 -1 -1 0
57 7 592 218 52 142 -1 -1 -1 0
57 8 608 302 67 157 -1 -1 -1 0
57 9 273 337 125 227 -1 -1 -1 0
57 10 230 234 73 182 -1 -1 -1 0
58 1 663 252 99 167 -1 -1 -1 0
58 2 871 290 70 105 -1 -1 -1 0
58 3 215 219 56 134 -1 -1 -1 0
58 4 406 376 102 251 -1 -1 -1 0
58 5 86 271 73 191 -1 -1 -1 0
58 6 699 240 45 167 -1 -1 -1 0
58 7 602 221 51 135 -1 -1 -1 0
58 8 622 307 65 149 -1 -1 -1 0
58 9 288 337 114 224 -1 -1 -1 0
58 10 236 231 70 177 -1 -1 -1 0
59 1 687 259 105 156 -1 -1 -1 0
59 2 897 287 52 107 -1 -1 -1 0
59 3 203 221 68 127 -1 -1 -1 0
59 4 428 375 134 236 -1 -1 -1 0
59 5 94 270 74 196 -1 -1 -1 0
59 6 710 241 54 164 -1 -1 -1 0
59 7 603 213 60 146 -1 -1 -1 0
59 8 640 306 57 146 -1 -1 -1 0
59 9 314 333 100 223 -1 -1 -1 0
59 10 246 238 68 174 -1 -1 -1 0
60 1 695 265 114 152 -1 -1 -1 0
60 2 909 282 49 112 -1 -1 -1 0
60 3 197 225 61 130 -1 -1 -1 0
60 4 443 375 149 238 -1 -1 -1 0
60 5 105 268 87 193 -1 -1 -1 0
60 6 717 243 60 158 -1 -1 -1 0
60 7 605 220 63 126 -1 -1 -1 0
60 8 648 307 79 143 -1 -1 -1 0
60 9 357 331 72 228 -1 -1 -1 0
60 10 253 247 71 164 -1 -1 -1 0
61 1 716 262 98 152 -1 -1 -1 0
61 2 911 270 71 122 -1 -1 -1 0
61 3 192 240 58 114 -1 -1 -1 0
61 4 472 367 136 241 -1 -1 -1 0
61 5 119 267 71 195 -1 -1 -1 0
61 6 728 244 62 152 -1 -1 -1 0
61 7 602 221 77 132 -1 -1 -1 0
61 8 662 307 86 143 -1 -1 -1 0
61 9 366 328 74 226 -1 -1 -1 0
61 10 243 250 92 161 -1 -1 -1 0
62 1 735 261 87 155 -1 -1 -1 0
62 2 920 270 82 133 -1 -1 -1 0
62 3 179 235 60 128 -1 -1 -1 0
62 4 541 354 94 259 -1 -1 -1 0
62 5 125 276 77 180 -1 -1 -1 0
62 6 732 253 64 145 -1 -1 -1 0
62 7 613 220 73 132 -1 -1 -1 0
62 8 692 307 60 142 -1 -1 -1 0
62 9 386 333 69 222 -1 -1 -1 0
62 10 239 256 110 159 -1 -1 -1 0
63 1 740 257 87 156 -1 -1 -1 0
63 2 932 281 72 131 -1 -1 -1 0
63 3 159 231 63 144 -1 -1 -1 0
63 4 574 351 86 243 -1 -1 -1 0
63 5 132 270 76 184 -1 -1 -1 0
63 6 736 249 52 147 -1 -1 -1 0
63 7 609 216 74 138 -1 -1 -1 0
63 8 698 309 60 140 -1 -1 -1 0
63 9 396 333 83 219 -1 -1 -1 0
63 10 234 262 115 149 -1 -1 -1 0
64 1 745 247 86 165 -1 -1 -1 0
64 2 934 284 65 143 -1 -1 -1 0
64 3 148 238 61 150 -1 -1 -1 0
64 4 608 359 89 230 -1 -1 -1 0
64 5 140 269 79 184 -1 -1 -1 0
64 6 724 241 65 156 -1 -1 -1 0
64 7 606 216 75 136 -1 -1 -1 0
64 8 709 315 63 137 -1 -1 -1 0
64 9 415 339 83 217 -1 -1 -1 0
64 10 223 256 133 164 -1 -1 -1 0
65 1 727 241 97 164 -1 -1 -1 0
65 2 936 288 64 150 -1 -1 -1 0
65 3 128 241 80 147 -1 -1 -1 0
65 4 632 381 120 219 -1 -1 -1 0
65 5 151 269 78 190 -1 -1 -1 0
65 6 712 234 59 164 -1 -1 -1 0
65 7 599 223 89 131 -1 -1 -1 0
65 8 719 316 63 143 -1 -1 -1 0
65 9 414 342 130 213 -1 -1 -1 0
65 10 232 255 114 163 -1 -1 -1 0
66 1 742 252 85 163 -1 -1 -1 0
66 2 939 285 61 157 -1 -1 -1 0
66 3 102 247 82 132 -1 -1 -1 0
66 4 656 385 130 217 -1 -1 -1 0
66 5 168 272 64 186 -1 -1 -1 0
66 6 701 242 54 146 -1 -1 -1 0
66 7 599 217 91 135 -1 -1 -1 0
66 8 723 313 73 146 -1 -1 -1 0
66 9 425 353 155 205 -1 -1 -1 0
66 10 237 248 86 178 -1 -1 -1 0
67 1 734 257 97 155 -1 -1 -1 0
67 2 943 283 59 162 -1 -1 -1 0
67 3 84 252 82 144 -1 -1 -1 0
67 4 670 390 116 208 -1 -1 -1 0
67 5 192 272 59 181 -1 -1 -1 0
67 6 672 252 80 145 -1 -1 -1 0
67 7 600 211 87 139 -1 -1 -1 0
67 8 727 318 65 137 -1 -1 -1 0
67 9 419 356 182 211 -1 -1 -1 0
67 10 241 246 74 177 -1 -1 -1 0
68 1 719 254 113 154 -1 -1 -1 0
68 2 939 289 74 164 -1 -1 -1 0
68 3 61 259 72 143 -1 -1 -1 0
68 4 683 374 106 221 -1 -1 -1 0
68 5 193 282 87 172 -1 -1 -1 0
68 6 645 259 91 138 -1 -1 -1 0
68 7 610 219 79 135 -1 -1 -1 0
68 8 723 316 96 138 -1 -1 -1 0
68 9 445 361 157 199 -1 -1 -1 0
68 10 248 252 69 174 -1 -1 -1 0
69 1 702 259 115 142 -1 -1 -1 0
69 2 937 298 82 171 -1 -1 -1 0
69 3 40 264 73 142 -1 -1 -1 0
69 4 688 372 95 236 -1 -1 -1 0
69 5 197 296 112 158 -1 -1 -1 0
69 6 637 258 91 153 -1 -1 -1 0
69 7 603 209 81 143 -1 -1 -1 0
69 8 731 324 90 131 -1 -1 -1 0
69 9 479 359 126 204 -1 -1 -1 0
69 10 236 261 88 171 -1 -1 -1 0
70 1 693 261 98 145 -1 -1 -1 0
70 2 929 317 94 158 -1 -1 -1 0
70 3 11 263 84 142 -1 -1 -1 0
70 4 691 372 93 242 -1 -1 -1 0
70 5 207 298 118 152 -1 -1 -1 0
70 6 629 254 85 149 -1 -1 -1 0
70 7 596 202 83 160 -1 -1 -1 0
70 8 725 326 94 126 -1 -1 -1 0
70 9 505 354 86 213 -1 -1 -1 0
70 10 232 267 100 170 -1 -1 -1 0
71 1 679 253 105 146 -1 -1 -1 0
71 2 945 320 83 156 -1 -1 -1 0
71 3 7 268 64 168 -1 -1 -1 0
71 4 679 368 114 243 -1 -1 -1 0
71 5 211 296 149 144 -1 -1 -1 0
71 6 629 246 64 154 -1 -1 -1 0
71 7 597 204 87 157 -1 -1 -1 0
71 8 699 321 120 135 -1 -1 -1 0
71 9 485 352 134 223 -1 -1 -1 0
71 10 216 262 107 179 -1 -1 -1 0
72 1 662 245 108 138 -1 -1 -1 0
72 2 941 311 86 156 -1 -1 -1 0
72 4 678 354 104 248 -1 -1 -1 0
72 5 215 287 141 148 -1 -1 -1 0
72 6 638 238 51 166 -1 -1 -1 0
72 7 606 210 83 151 -1 -1 -1 0
72 8 683 324 99 127 -1 -1 -1 0
72 9 462 361 162 208 -1 -1 -1 0
72 10 250 259 80 180 -1 -1 -1 0
73 1 654 252 92 132 -1 -1 -1 0
73 2 949 294 78 168 -1 -1 -1 0
73 4 664 345 117 246 -1 -1 -1 0
73 5 228 291 122 141 -1 -1 -1 0
73 6 621 241 71 170 -1 -1 -1 0
73 7 627 209 87 163 -1 -1 -1 0
73 8 684 326 90 127 -1 -1 -1 0
73 9 455 367 182 196 -1 -1 -1 0
73 10 263 262 89 168 -1 -1 -1 0
74 1 632 233 89 151 -1 -1 -1 0
74 2 959 276 70 172 -1 -1 -1 0
74 4 623 340 161 242 -1 -1 -1 0
74 5 235 283 126 150 -1 -1 -1 0
74 6 616 250 91 165 -1 -1 -1 0
74 7 647 211 65 160 -1 -1 -1 0
74 8 673 327 102 136 -1 -1 -1 0
74 9 466 338 175 232 -1 -1 -1 0
74 10 270 261 79 169 -1 -1 -1 0
75 1 599 233 126 134 -1 -1 -1 0
75 2 963 268 74 172 -1 -1 -1 0
75 4 619 360 180 218 -1 -1 -1 0
75 5 257 285 117 149 -1 -1 -1 0
75 6 620 261 103 151 -1 -1 -1 0
75 7 649 211 78 135 -1 -1 -1 0
75 8 636 339 123 155 -1 -1 -1 0
75 9 467 299 148 270 -1 -1 -1 0
75 10 288 259 75 172 -1 -1 -1 0
76 1 591 234 135 129 -1 -1 -1 0
76 2 994 269 69 171 -1 -1 -1 0
76 4 632 367 187 218 -1 -1 -1 0
76 5 284 287 120 156 -1 -1 -1 0
76 6 621 252 98 169 -1 -1 -1 0
76 7 671 214 69 143 -1 -1 -1 0
76 8 645 341 102 133 -1 -1 -1 0
76 9 454 263 121 307 -1 -1 -1 0
76 10 320 250 72 177 -1 -1 -1 0
77 1 604 228 115 137 -1 -1 -1 0
77 2 1022 274 66 171 -1 -1 -1 0
77 4 672 382 172 203 -1 -1 -1 0
77 5 306 283 124 158 -1 -1 -1 0
77 6 660 257 80 163 -1 -1 -1 0
77 7 691 210 68 140 -1 -1 -1 0
77 8 621 339 142 150 -1 -1 -1 0
77 9 447 253 119 306 -1 -1 -1 0
77 10 355 259 90 163 -1 -1 -1 0
78 1 610 224 104 138 -1 -1 -1 0
78 2 1056 272 65 166 -1 -1 -1 0
78 4 710 378 160 210 -1 -1 -1 0
78 5 319 283 143 163 -1 -1 -1 0
78 6 683 257 62 168 -1 -1 -1 0
78 7 706 212 81 155 -1 -1 -1 0
78 8 625 349 166 157 -1 -1 -1 0
78 9 447 252 118 308 -1 -1 -1 0
78 10 389 264 81 161 -1 -1 -1 0
79 1 612 223 85 135 -1 -1 -1 0
79 2 1062 269 69 159 -1 -1 -1 0
79 4 722 375 178 210 -1 -1 -1 0
79 5 339 289 145 152 -1 -1 -1 0
79 6 691 267 77 170 -1 -1 -1 0
79 7 724 216 85 148 -1 -1 -1 0
79 8 636 338 160 163 -1 -1 -1 0
79 9 445 275 121 289 -1 -1 -1 0
79 10 394 259 103 163 -1 -1 -1 0
80 1 599 224 86 135 -1 -1 -1 0
80 2 1067 260 55 168 -1 -1 -1 0
80 4 723 367 187 215 -1 -1 -1 0
80 5 354 294 143 148 -1 -1 -1 0
80 6 676 274 89 168 -1 -1 -1 0
80 7 724 215 87 148 -1 -1 -1 0
80 8 634 339 170 159 -1 -1 -1 0
80 9 420 321 148 243 -1 -1 -1 0
80 10 411 263 95 174 -1 -1 -1 0
81 1 588 220 80 136 -1 -1 -1 0
81 2 1053 254 66 157 -1 -1 -1 0
81 4 723 355 184 222 -1 -1 -1 0
81 5 344 283 144 163 -1 -1 -1 0
81 6 666 285 85 158 -1 -1 -1 0
81 7 722 218 96 158 -1 -1 -1 0
81 8 613 347 168 151 -1 -1 -1 0
81 9 419 345 151 219 -1 -1 -1 0
81 10 397 258 107 174 -1 -1 -1 0
82 1 575 222 78 137 -1 -1 -1 0
82 2 1039 246 67 161 -1 -1 -1 0
82 4 726 352 173 220 -1 -1 -1 0
82 5 348 291 153 153 -1 -1 -1 0
82 6 638 291 108 146 -1 -1 -1 0
82 7 714 221 80 151 -1 -1 -1 0
82 8 592 343 187 160 -1 -1 -1 0
82 9 421 337 121 228 -1 -1 -1 0
82 10 406 261 113 174 -1 -1 -1 0
83 1 549 230 86 129 -1 -1 -1 0
83 2 1031 254 59 151 -1 -1 -1 0
83 4 732 357 156 221 -1 -1 -1 0
83 5 352 292 130 166 -1 -1 -1 0
83 6 638 285 100 150 -1 -1 -1 0
83 7 714 233 84 150 -1 -1 -1 0
83 8 597 341 174 163 -1 -1 -1 0
83 9 415 328 85 236 -1 -1 -1 0
83 10 402 271 114 155 -1 -1 -1 0
84 1 558 234 73 126 -1 -1 -1 0
84 2 1019 258 65 152 -1 -1 -1 0
84 4 724 361 166 210 -1 -1 -1 0
84 5 375 300 110 150 -1 -1 -1 0
84 6 646 282 85 151 -1 -1 -1 0
84 7 703 254 81 131 -1 -1 -1 0
84 8 595 346 159 153 -1 -1 -1 0
84 9 399 328 77 236 -1 -1 -1 0
84 10 412 275 102 146 -1 -1 -1 0
85 1 552 227 77 136 -1 -1 -1 0
85 2 1014 264 69 140 -1 -1 -1 0
85 4 751 356 141 214 -1 -1 -1 0
85 5 391 293 105 157 -1 -1 -1 0
85 6 652 285 80 150 -1 -1 -1 0
85 7 706 270 83 116 -1 -1 -1 0
85 8 592 337 141 167 -1 -1 -1 0
85 9 361 337 103 224 -1 -1 -1 0
85 10 422 274 95 146 -1 -1 -1 0
86 1 544 223 76 140 -1 -1 -1 0
86 2 1005 258 75 146 -1 -1 -1 0
86 4 774 348 134 224 -1 -1 -1 0
86 5 392 302 105 142 -1 -1 -1 0
86 6 663 286 80 147 -1 -1 -1 0
86 7 702 265 99 122 -1 -1 -1 0
86 8 592 337 137 164 -1 -1 -1 0
86 9 345 332 108 226 -1 -1 -1 0
86 10 419 258 100 157 -1 -1 -1 0
87 1 539 225 74 134 -1 -1 -1 0
87 2 998 252 82 137 -1 -1 -1 0
87 4 818 333 101 236 -1 -1 -1 0
87 5 401 298 94 141 -1 -1 -1 0
87 6 631 287 127 154 -1 -1 -1 0
87 7 717 257 110 124 -1 -1 -1 0
87 8 603 337 130 165 -1 -1 -1 0
87 9 343 333 105 217 -1 -1 -1 0
87 10 418 255 99 168 -1 -1 -1 0
88 1 536 231 71 145 -1 -1 -1 0
88 2 993 255 95 125 -1 -1 -1 0
88 4 817 324 126 239 -1 -1 -1 0
88 5 407 289 82 146 -1 -1 -1 0
88 6 639 285 119 149 -1 -1 -1 0
88 7 740 252 115 131 -1 -1 -1 0
88 8 621 331 111 169 -1 -1 -1 0
88 9 345 316 95 231 -1 -1 -1 0
88 10 429 248 92 164 -1 -1 -1 0
89 1 529 235 70 149 -1 -1 -1 0
89 2 987 264 101 122 -1 -1 -1 0
89 4 834 325 106 237 -1 -1 -1 0
89 5 401 284 88 153 -1 -1 -1 0
89 6 679 281 83 153 -1 -1 -1 0
89 7 773 255 86 131 -1 -1 -1 0
89 8 649 325 79 177 -1 -1 -1 0
89 9 340 318 101 215 -1 -1 -1 0
89 10 449 250 56 180 -1 -1 -1 0
90 1 528 239 75 138 -1 -1 -1 0
90 2 979 262 113 123 -1 -1 -1 0
90 4 832 337 115 224 -1 -1 -1 0
90 5 395 281 92 151 -1 -1 -1 0
90 6 715 278 73 157 -1 -1 -1 0
90 7 797 258 69 134 -1 -1 -1 0
90 8 647 333 88 177 -1 -1 -1 0
90 9 335 318 100 218 -1 -1 -1 0
90 10 443 248 71 185 -1 -1 -1 0
91 1 529 231 63 150 -1 -1 -1 0
91 2 966 257 105 121 -1 -1 -1 0
91 4 840 342 109 217 -1 -1 -1 0
91 5 397 272 88 161 -1 -1 -1 0
91 6 730 278 79 158 -1 -1 -1 0
91 7 812 257 65 136 -1 -1 -1 0
91 8 661 342 95 172 -1 -1 -1 0
91 9 336 324 97 214 -1 -1 -1 0
91 10 450 250 63 188 -1 -1 -1 0
92 1 519 229 78 138 -1 -1 -1 0
92 2 958 259 78 111 -1 -1 -1 0
92 4 851 333 107 221 -1 -1 -1 0
92 5 396 267 89 164 -1 -1 -1 0
92 6 751 276 91 156 -1 -1 -1 0
92 7 819 249 66 127 -1 -1 -1 0
92 8 661 331 91 181 -1 -1 -1 0
92 9 329 326 118 205 -1 -1 -1 0
92 10 451 245 63 164 -1 -1 -1 0
93 1 513 228 79 134 -1 -1 -1 0
93 2 936 264 97 108 -1 -1 -1 0
93 4 879 325 78 223 -1 -1 -1 0
93 5 388 268 97 167 -1 -1 -1 0
93 6 775 280 80 156 -1 -1 -1 0
93 7 841 250 47 118 -1 -1 -1 0
93 8 659 324 81 181 -1 -1 -1 0
93 9 359 311 94 211 -1 -1 -1 0
93 10 451 244 68 161 -1 -1 -1 0
94 1 506 230 96 134 -1 -1 -1 0
94 2 925 263 101 104 -1 -1 -1 0
94 4 898 328 71 222 -1 -1 -1 0
94 5 376 256 98 178 -1 -1 -1 0
94 6 770 270 89 163 -1 -1 -1 0
94 7 848 250 62 121 -1 -1 -1 0
94 8 658 317 73 169 -1 -1 -1 0
94 9 392 300 74 208 -1 -1 -1 0
94 10 459 234 64 157 -1 -1 -1 0
95 1 517 217 81 138 -1 -1 -1 0
95 2 932 263 72 106 -1 -1 -1 0
95 4 913 330 78 225 -1 -1 -1 0
95 5 373 254 91 179 -1 -1 -1 0
95 6 768 266 81 151 -1 -1 -1 0
95 7 858 252 62 120 -1 -1 -1 0
95 8 663 309 71 168 -1 -1 -1 0
95 9 398 298 88 217 -1 -1 -1 0
95 10 469 233 57 155 -1 -1 -1 0
96 1 518 220 88 126 -1 -1 -1 0
96 2 924 250 60 122 -1 -1 -1 0
96 4 906 333 81 216 -1 -1 -1 0
96 5 369 257 84 178 -1 -1 -1 0
96 6 769 253 83 147 -1 -1 -1 0
96 7 860 246 63 126 -1 -1 -1 0
96 8 658 302 100 165 -1 -1 -1 0
96 9 401 300 125 206 -1 -1 -1 0
96 10 471 240 54 151 -1 -1 -1 0
97 1 526 216 88 126 -1 -1 -1 0
97 2 924 252 58 120 -1 -1 -1 0
97 4 924 333 84 205 -1 -1 -1 0
97 5 366 254 81 180 -1 -1 -1 0
97 6 764 250 92 139 -1 -1 -1 0
97 7 862 233 61 139 -1 -1 -1 0
97 8 659 303 94 152 -1 -1 -1 0
97 9 410 305 131 199 -1 -1 -1 0
97 10 472 239 66 138 -1 -1 -1 0
98 1 542 213 72 124 -1 -1 -1 0
98 2 926 250 58 127 -1 -1 -1 0
98 4 939 333 80 201 -1 -1 -1 0
98 5 350 260 79 174 -1 -1 -1 0
98 6 766 254 90 135 -1 -1 -1 0
98 7 857 199 51 172 -1 -1 -1 0
98 8 680 306 86 149 -1 -1 -1 0
98 9 416 303 127 198 -1 -1 -1 0
98 10 478 242 65 144 -1 -1 -1 0
99 1 562 209 61 128 -1 -1 -1 0
99 2 928 251 56 129 -1 -1 -1 0
99 4 949 329 91 199 -1 -1 -1 0
99 5 343 267 85 166 -1 -1 -1 0
99 6 767 254 90 139 -1 -1 -1 0
99 7 850 185 51 179 -1 -1 -1 0
99 8 687 302 84 153 -1 -1 -1 0
99 9 441 302 106 197 -1 -1 -1 0
99 10 474 247 68 136 -1 -1 -1 0
100 1 564 202 55 133 -1 -1 -1 0
100 2 920 253 68 122 -1 -1 -1 0
100 4 946 337 118 190 -1 -1 -1 0
100 5 344 268 75 167 -1 -1 -1 0
100 6 774 250 72 132 -1 -1 -1 0
100 7 840 190 52 175 -1 -1 -1 0
100 8 681 301 85 151 -1 -1 -1 0
100 9 456 299 99 202 -1 -1 -1 0
100 10 479 248 68 147 -1 -1 -1 0
101 1 567 199 68 125 -1 -1 -1 0
101 2 903 251 75 122 -1 -1 -1 0
101 4 947 333 120 192 -1 -1 -1 0
101 5 342 271 77 164 -1 -1 -1 0
101 6 771 244 76 141 -1 -1 -1 0
101 7 840 220 49 152 -1 -1 -1 0
101 8 684 297 90 153 -1 -1 -1 0
101 9 471 309 95 193 -1 -1 -1 0
101 10 473 251 76 131 -1 -1 -1 0
102 1 587 200 53 116 -1 -1 -1 0
102 2 908 252 72 121 -1 -1 -1 0
102 4 955 329 116 196 -1 -1 -1 0
102 5 343 260 68 179 -1 -1 -1 0
102 6 767 239 72 149 -1 -1 -1 0
102 7 827 227 61 148 -1 -1 -1 0
102 8 682 292 82 146 -1 -1 -1 0
102 9 475 319 93 183 -1 -1 -1 0
102 10 481 248 71 153 -1 -1 -1 0
103 1 585 197 58 118 -1 -1 -1 0
103 2 924 254 64 122 -1 -1 -1 0
103 4 976 323 95 200 -1 -1 -1 0
103 5 345 259 62 181 -1 -1 -1 0
103 6 752 234 83 149 -1 -1 -1 0
103 7 820 225 59 147 -1 -1 -1 0
103 8 683 289 85 152 -1 -1 -1 0
103 9 466 314 101 188 -1 -1 -1 0
103 10 491 238 66 160 -1 -1 -1 0
104 1 587 203 61 114 -1 -1 -1 0
104 2 929 252 61 128 -1 -1 -1 0
104 4 985 319 83 200 -1 -1 -1 0
104 5 341 264 65 176 -1 -1 -1 0
104 6 751 237 81 144 -1 -1 -1 0
104 7 805 228 57 134 -1 -1 -1 0
104 8 683 290 75 148 -1 -1 -1 0
104 9 464 304 96 193 -1 -1 -1 0
104 10 489 228 60 154 -1 -1 -1 0
105 1 593 207 54 109 -1 -1 -1 0
105 2 941 251 56 128 -1 -1 -1 0
105 4 992 313 84 206 -1 -1 -1 0
105 5 340 263 68 178 -1 -1 -1 0
105 6 755 234 79 148 -1 -1 -1 0
105 7 792 224 61 123 -1 -1 -1 0
105 8 681 291 79 147 -1 -1 -1 0
105 9 466 298 81 186 -1 -1 -1 0
105 10 481 211 63 160 -1 -1 -1 0
106 1 595 201 50 114 -1 -1 -1 0
106 2 951 247 55 136 -1 -1 -1 0
106 4 994 320 98 207 -1 -1 -1 0
106 5 336 263 79 176 -1 -1 -1 0
106 6 749 241 84 140 -1 -1 -1 0
106 7 784 226 56 124 -1 -1 -1 0
106 8 687 286 68 149 -1 -1 -1 0
106 9 464 295 71 177 -1 -1 -1 0
106 10 488 202 52 170 -1 -1 -1 0
107 1 598 198 50 117 -1 -1 -1 0
107 2 964 248 58 138 -1 -1 -1 0
107 4 989 329 113 204 -1 -1 -1 0
107 5 332 259 82 191 -1 -1 -1 0
107 6 752 242 82 137 -1 -1 -1 0
107 7 744 231 89 115 -1 -1 -1 0
107 8 681 289 72 146 -1 -1 -1 0
107 9 469 285 59 190 -1 -1 -1 0
107 10 497 208 65 159 -1 -1 -1 0
108 1 602 201 45 122 -1 -1 -1 0
108 2 969 249 64 138 -1 -1 -1 0
108 3 2 381 101 190 -1 -1 -1 0
108 4 979 328 118 201 -1 -1 -1 0
108 5 327 266 96 176 -1 -1 -1 0
108 6 764 240 77 136 -1 -1 -1 0
108 7 706 225 99 121 -1 -1 -1 0
108 8 674 289 86 143 -1 -1 -1 0
108 9 462 281 58 187 -1 -1 -1 0
108 10 498 216 86 143 -1 -1 -1 0
109 1 602 200 51 125 -1 -1 -1 0
109 2 975 251 69 136 -1 -1 -1 0
109 3 2 381 134 187 -1 -1 -1 0
109 4 979 322 98 193 -1 -1 -1 0
109 5 323 268 100 182 -1 -1 -1 0
109 6 758 242 93 141 -1 -1 -1 0
109 7 701 220 105 130 -1 -1 -1 0
109 8 685 293 90 135 -1 -1 -1 0
109 9 460 281 58 172 -1 -1 -1 0
109 10 489 226 104 138 -1 -1 -1 0
110 1 610 192 51 133 -1 -1 -1 0
110 2 997 262 60 131 -1 -1 -1 0
110 3 46 376 127 192 -1 -1 -1 0
110 4 966 321 100 194 -1 -1 -1 0
110 5 315 274 113 184 -1 -1 -1 0
110 6 772 237 82 146 -1 -1 -1 0
110 7 692 217 78 133 -1 -1 -1 0
110 8 697 290 87 142 -1 -1 -1 0
110 9 462 289 57 162 -1 -1 -1 0
110 10 493 234 104 135 -1 -1 -1 0
111 1 614 180 52 153 -1 -1 -1 0
111 2 1011 261 67 145 -1 -1 -1 0
111 3 89 380 112 185 -1 -1 -1 0
111 4 945 320 126 197 -1 -1 -1 0
111 5 327 276 109 183 -1 -1 -1 0
111 6 771 242 91 147 -1 -1 -1 0
111 7 682 221 68 125 -1 -1 -1 0
111 8 708 298 81 133 -1 -1 -1 0
111 9 465 280 60 177 -1 -1 -1 0
111 10 497 231 110 140 -1 -1 -1 0
112 1 621 158 50 174 -1 -1 -1 0
112 2 1033 261 53 154 -1 -1 -1 0
112 3 132 363 114 187 -1 -1 -1 0
112 4 946 337 135 190 -1 -1 -1 0
112 5 341 281 91 183 -1 -1 -1 0
112 6 786 244 82 152 -1 -1 -1 0
112 7 683 219 61 134 -1 -1 -1 0
112 8 719 299 81 142 -1 -1 -1 0
112 9 468 279 60 174 -1 -1 -1 0
112 10 510 228 98 148 -1 -1 -1 0
113 1 628 159 51 171 -1 -1 -1 0
113 2 1049 267 65 156 -1 -1 -1 0
113 3 188 371 100 185 -1 -1 -1 0
113 4 957 354 128 174 -1 -1 -1 0
113 5 343 280 90 179 -1 -1 -1 0
113 6 796 254 87 148 -1 -1 -1 0
113 7 652 231 80 124 -1 -1 -1 0
113 8 719 306 92 140 -1 -1 -1 0
113 9 472 287 76 163 -1 -1 -1 0
113 10 519 231 62 151 -1 -1 -1 0
114 1 638 163 55 173 -1 -1 -1 0
114 2 1071 289 71 140 -1 -1 -1 0
114 3 242 377 91 182 -1 -1 -1 0
114 4 966 353 116 184 -1 -1 -1 0
114 5 360 284 89 173 -1 -1 -1 0
114 6 806 270 89 139 -1 -1 -1 0
114 7 644 241 84 123 -1 -1 -1 0
114 8 716 315 108 140 -1 -1 -1 0
114 9 478 285 74 153 -1 -1 -1 0
114 10 519 248 73 141 -1 -1 -1 0
115 1 658 190 51 167 -1 -1 -1 0
115 2 1088 298 83 148 -1 -1 -1 0
115 3 279 379 107 175 -1 -1 -1 0
115 4 977 358 112 180 -1 -1 -1 0
115 5 366 290 108 172 -1 -1 -1 0
115 6 806 276 99 139 -1 -1 -1 0
115 7 659 244 68 123 -1 -1 -1 0
115 8 725 323 109 136 -1 -1 -1 0
115 9 477 303 88 143 -1 -1 -1 0
115 10 524 256 68 143 -1 -1 -1 0
116 1 671 202 41 161 -1 -1 -1 0
116 2 1107 302 85 152 -1 -1 -1 0
116 3 334 381 76 175 -1 -1 -1 0
116 4 1003 356 118 194 -1 -1 -1 0
116 5 384 300 108 154 -1 -1 -1 0
116 6 805 281 97 143 -1 -1 -1 0
116 7 665 240 53 133 -1 -1 -1 0
116 8 731 328 109 140 -1 -1 -1 0
116 9 459 317 108 132 -1 -1 -1 0
116 10 525 263 65 149 -1 -1 -1 0
117 1 694 205 35 162 -1 -1 -1 0
117 2 1151 303 70 157 -1 -1 -1 0
117 3 371 385 74 173 -1 -1 -1 0
117 4 1060 363 93 196 -1 -1 -1 0
117 5 410 306 78 148 -1 -1 -1 0
117 6 796 289 83 139 -1 -1 -1 0
117 7 670 240 51 135 -1 -1 -1 0
117 8 737 328 86 139 -1 -1 -1 0
117 9 464 319 114 133 -1 -1 -1 0
117 10 531 266 56 149 -1 -1 -1 0
118 1 702 210 40 153 -1 -1 -1 0
118 2 1182 304 68 164 -1 -1 -1 0
118 3 388 392 88 164 -1 -1 -1 0
118 4 1097 359 82 204 -1 -1 -1 0
118 5 418 303 81 152 -1 -1 -1 0
118 6 786 288 85 145 -1 -1 -1 0
118 7 662 244 56 137 -1 -1 -1 0
118 8 741 327 65 146 -1 -1 -1 0
118 9 464 318 102 136 -1 -1 -1 0
118 10 528 268 59 151 -1 -1 -1 0
119 1 703 215 53 148 -1 -1 -1 0
119 2 1218 315 55 161 -1 -1 -1 0
119 3 401 394 110 163 -1 -1 -1 0
119 4 1127 363 86 218 -1 -1 -1 0
119 5 405 304 92 158 -1 -1 -1 0
119 6 775 292 86 141 -1 -1 -1 0
119 7 651 251 60 133 -1 -1 -1 0
119 8 734 328 71 145 -1 -1 -1 0
119 9 462 315 87 142 -1 -1 -1 0
119 10 515 272 67 152 -1 -1 -1 0
120 1 708 211 57 149 -1 -1 -1 0
120 3 427 386 115 165 -1 -1 -1 0
120 4 1159 363 71 215 -1 -1 -1 0
120 5 403 307 91 159 -1 -1 -1 0
120 6 749 280 91 152 -1 -1 -1 0
120 7 646 255 68 132 -1 -1 -1 0
120 8 721 330 87 150 -1 -1 -1 0
120 9 463 311 98 148 -1 -1 -1 0
120 10 495 277 79 153 -1 -1 -1 0
121 1 716 214 53 149 -1 -1 -1 0
121 3 482 388 115 168 -1 -1 -1 0
121 4 1181 358 85 220 -1 -1 -1 0
121 5 404 306 98 160 -1 -1 -1 0
121 6 732 279 73 161 -1 -1 -1 0
121 7 645 252 67 137 -1 -1 -1 0
121 8 719 335 87 146 -1 -1 -1 0
121 9 456 307 85 143 -1 -1 -1 0
121 10 490 276 85 154 -1 -1 -1 0
122 1 717 220 67 141 -1 -1 -1 0
122 3 493 379 126 181 -1 -1 -1 0
122 4 1207 363 69 226 -1 -1 -1 0
122 5 385 294 102 161 -1 -1 -1 0
122 6 704 273 82 159 -1 -1 -1 0
122 7 649 251 52 139 -1 -1 -1 0
122 8 710 331 103 154 -1 -1 -1 0
122 9 445 297 92 149 -1 -1 -1 0
122 10 471 270 87 150 -1 -1 -1 0
123 1 724 222 78 141 -1 -1 -1 0
123 3 511 378 123 186 -1 -1 -1 0
123 5 376 298 108 158 -1 -1 -1 0
123 6 656 276 104 149 -1 -1 -1 0
123 7 645 254 51 138 -1 -1 -1 0
123 8 706 330 86 153 -1 -1 -1 0
123 9 439 301 104 159 -1 -1 -1 0
123 10 463 259 72 178 -1 -1 -1 0
124 1 736 216 65 147 -1 -1 -1 0
124 3 558 376 103 198 -1 -1 -1 0
124 5 366 303 109 158 -1 -1 -1 0
124 6 634 282 93 135 -1 -1 -1 0
124 7 650 253 49 147 -1 -1 -1 0
124 8 692 327 69 157 -1 -1 -1 0
124 9 431 293 86 169 -1 -1 -1 0
124 10 467 222 60 217 -1 -1 -1 0
125 1 753 215 52 150 -1 -1 -1 0
125 3 594 394 99 180 -1 -1 -1 0
125 5 357 287 111 173 -1 -1 -1 0
125 6 634 273 74 150 -1 -1 -1 0
125 7 645 253 54 147 -1 -1 -1 0
125 8 680 332 65 152 -1 -1 -1 0
125 9 430 302 80 158 -1 -1 -1 0
125 10 458 204 62 223 -1 -1 -1 0
126 1 764 218 50 144 -1 -1 -1 0
126 3 614 382 115 200 -1 -1 -1 0
126 5 368 274 95 185 -1 -1 -1 0
126 6 625 269 59 157 -1 -1 -1 0
126 7 649 254 52 143 -1 -1 -1 0
126 8 666 336 64 148 -1 -1 -1 0
126 9 436 294 65 171 -1 -1 -1 0
126 10 443 220 77 193 -1 -1 -1 0
127 1 768 229 73 138 -1 -1 -1 0
127 3 648 386 123 207 -1 -1 -1 0
127 5 371 259 78 189 -1 -1 -1 0
127 6 603 266 61 160 -1 -1 -1 0
127 7 642 256 54 143 -1 -1 -1 0
127 8 646 344 81 163 -1 -1 -1 0
127 9 433 297 66 173 -1 -1 -1 0
127 10 441 234 79 168 -1 -1 -1 0
128 1 776 237 86 131 -1 -1 -1 0
128 3 719 394 101 201 -1 -1 -1 0
128 5 358 257 91 184 -1 -1 -1 0
128 6 567 269 87 162 -1 -1 -1 0
128 7 640 267 58 138 -1 -1 -1 0
128 8 634 337 85 172 -1 -1 -1 0
128 9 419 298 82 176 -1 -1 -1 0
128 10 428 248 90 159 -1 -1 -1 0
129 1 786 238 84 132 -1 -1 -1 0
129 3 724 391 142 201 -1 -1 -1 0
129 5 345 263 97 186 -1 -1 -1 0
129 6 558 274 91 158 -1 -1 -1 0
129 7 651 277 56 152 -1 -1 -1 0
129 8 628 333 77 172 -1 -1 -1 0
129 9 419 294 71 188 -1 -1 -1 0
129 10 422 265 96 154 -1 -1 -1 0
130 1 794 239 92 126 -1 -1 -1 0
130 3 751 389 154 213 -1 -1 -1 0
130 5 353 279 84 170 -1 -1 -1 0
130 6 556 272 84 157 -1 -1 -1 0
130 7 645 277 73 151 -1 -1 -1 0
130 8 619 330 65 173 -1 -1 -1 0
130 9 376 301 95 180 -1 -1 -1 0
130 10 426 278 80 155 -1 -1 -1 0
131 1 834 238 83 129 -1 -1 -1 0
131 3 827 392 113 220 -1 -1 -1 0
131 5 359 277 83 175 -1 -1 -1 0
131 6 557 262 83 166 -1 -1 -1 0
131 7 645 273 103 142 -1 -1 -1 0
131 8 603 332 76 174 -1 -1 -1 0
131 9 371 304 102 190 -1 -1 -1 0
131 10 419 275 66 188 -1 -1 -1 0
132 1 862 237 72 126 -1 -1 -1 0
132 3 879 395 135 221 -1 -1 -1 0
132 5 390 259 70 182 -1 -1 -1 0
132 6 560 258 78 160 -1 -1 -1 0
132 7 674 281 98 134 -1 -1 -1 0
132 8 582 340 88 174 -1 -1 -1 0
132 9 372 312 94 183 -1 -1 -1 0
132 10 426 267 59 180 -1 -1 -1 0
133 1 872 234 92 144 -1 -1 -1 0
133 3 910 401 152 223 -1 -1 -1 0
133 5 406 254 69 199 -1 -1 -1 0
133 6 553 255 74 162 -1 -1 -1 0
133 7 675 276 138 135 -1 -1 -1 0
133 8 593 337 76 179 -1 -1 -1 0
133 9 365 303 94 190 -1 -1 -1 0
133 10 422 281 65 181 -1 -1 -1 0
134 1 897 235 81 146 -1 -1 -1 0
134 3 979 408 141 238 -1 -1 -1 0
134 5 425 267 59 170 -1 -1 -1 0
134 6 558 252 75 160 -1 -1 -1 0
134 7 710 277 124 142 -1 -1 -1 0
134 8 575 333 93 182 -1 -1 -1 0
134 9 359 296 82 196 -1 -1 -1 0
134 10 415 293 76 174 -1 -1 -1 0
135 1 944 233 62 144 -1 -1 -1 0
135 3 1066 420 121 230 -1 -1 -1 0
135 5 423 272 87 162 -1 -1 -1 0
135 6 556 246 70 162 -1 -1 -1 0
135 7 766 278 95 148 -1 -1 -1 0
135 8 560 341 106 175 -1 -1 -1 0
135 9 350 299 82 203 -1 -1 -1 0
135 10 414 299 100 163 -1 -1 -1 0
136 1 949 236 88 145 -1 -1 -1 0
136 3 1077 411 182 239 -1 -1 -1 0
136 5 405 272 129 169 -1 -1 -1 0
136 6 555 241 69 166 -1 -1 -1 0
136 7 776 276 120 145 -1 -1 -1 0
136 8 566 343 100 189 -1 -1 -1 0
136 9 335 319 73 201 -1 -1 -1 0
136 10 421 295 95 172 -1 -1 -1 0
137 1 965 237 107 152 -1 -1 -1 0
137 3 1155 427 124 209 -1 -1 -1 0
137 5 466 274 113 163 -1 -1 -1 0
137 6 551 246 80 153 -1 -1 -1 0
137 7 819 275 122 149 -1 -1 -1 0
137 8 571 348 94 189 -1 -1 -1 0
137 9 325 333 91 195 -1 -1 -1 0
137 10 429 303 90 161 -1 -1 -1 0
138 1 1004 234 94 163 -1 -1 -1 0
138 5 488 276 108 169 -1 -1 -1 0
138 6 540 251 92 152 -1 -1 -1 0
138 7 888 280 87 150 -1 -1 -1 0
138 8 598 342 79 187 -1 -1 -1 0
138 9 298 344 109 193 -1 -1 -1 0
138 10 430 296 89 166 -1 -1 -1 0
139 1 1039 245 94 156 -1 -1 -1 0
139 5 492 271 105 165 -1 -1 -1 0
139 6 549 255 89 143 -1 -1 -1 0
139 7 900 276 127 157 -1 -1 -1 0
139 8 599 349 89 186 -1 -1 -1 0
139 9 305 356 98 185 -1 -1 -1 0
139 10 423 285 89 175 -1 -1 -1 0
140 1 1057 251 100 142 -1 -1 -1 0
140 5 500 272 123 163 -1 -1 -1 0
140 6 570 249 76 147 -1 -1 -1 0
140 7 930 268 132 152 -1 -1 -1 0
140 8 597 351 117 195 -1 -1 -1 0
140 9 308 363 95 177 -1 -1 -1 0
140 10 416 281 90 176 -1 -1 -1 0
141 1 1089 237 107 171 -1 -1 -1 0
141 5 545 283 85 163 -1 -1 -1 0
141 6 587 242 78 147 -1 -1 -1 0
141 7 984 261 106 163 -1 -1 -1 0
141 8 601 350 112 196 -1 -1 -1 0
141 9 307 362 111 202 -1 -1 -1 0
141 10 429 267 63 187 -1 -1 -1 0
142 1 1127 247 95 177 -1 -1 -1 0
142 5 562 293 91 148 -1 -1 -1 0
142 6 601 241 87 145 -1 -1 -1 0
142 7 1040 252 91 169 -1 -1 -1 0
142 8 640 349 87 197 -1 -1 -1 0
142 9 315 367 124 218 -1 -1 -1 0
142 10 418 259 64 196 -1 -1 -1 0
143 1 1180 259 69 160 -1 -1 -1 0
143 5 560 295 125 138 -1 -1 -1 0
143 6 601 240 101 135 -1 -1 -1 0
143 7 1048 244 118 163 -1 -1 -1 0
143 8 650 348 85 205 -1 -1 -1 0
143 9 324 376 121 214 -1 -1 -1 0
143 10 407 259 64 178 -1 -1 -1 0
144 1 1175 263 99 157 -1 -1 -1 0
144 5 575 279 136 154 -1 -1 -1 0
144 6 616 236 103 140 -1 -1 -1 0
144 7 1095 235 111 172 -1 -1 -1 0
144 8 649 358 118 192 -1 -1 -1 0
144 9 324 381 143 226 -1 -1 -1 0
144 10 397 248 67 197 -1 -1 -1 0
145 5 630 286 110 159 -1 -1 -1 0
145 6 643 240 90 138 -1 -1 -1 0
145 7 1137 240 88 160 -1 -1 -1 0
145 8 636 358 139 199 -1 -1 -1 0
145 9 345 397 133 227 -1 -1 -1 0
145 10 373 238 73 212 -1 -1 -1 0
146 5 629 277 121 164 -1 -1 -1 0
146 6 627 220 126 153 -1 -1 -1 0
146 7 1132 241 118 154 -1 -1 -1 0
146 8 638 348 116 208 -1 -1 -1 0
146 9 361 396 129 224 -1 -1 -1 0
146 10 338 250 86 196 -1 -1 -1 0
147 5 630 270 115 175 -1 -1 -1 0
147 6 644 217 113 159 -1 -1 -1 0
147 7 1142 232 129 155 -1 -1 -1 0
147 8 657 341 85 202 -1 -1 -1 0
147 9 353 385 153 235 -1 -1 -1 0
147 10 311 264 97 178 -1 -1 -1 0
148 5 680 260 70 175 -1 -1 -1 0
148 6 666 213 90 143 -1 -1 -1 0
148 7 1156 233 114 141 -1 -1 -1 0
148 8 659 331 72 209 -1 -1 -1 0
148 9 376 395 147 245 -1 -1 -1 0
148 10 266 255 118 182 -1 -1 -1 0
149 5 651 252 102 169 -1 -1 -1 0
149 6 631 196 109 154 -1 -1 -1 0
149 7 1148 211 107 149 -1 -1 -1 0
149 8 638 335 80 213 -1 -1 -1 0
149 9 414 400 136 247 -1 -1 -1 0
149 10 223 251 145 176 -1 -1 -1 0
150 1 1205 254 67 179 -1 -1 -1 0
150 5 622 244 118 180 -1 -1 -1 0
150 6 607 185 113 145 -1 -1 -1 0
150 7 1101 193 132 144 -1 -1 -1 0
150 8 579 338 130 206 -1 -1 -1 0
150 9 379 395 161 242 -1 -1 -1 0
150 10 201 258 131 157 -1 -1 -1 0
151 1 1121 248 122 181 -1 -1 -1 0
151 5 607 247 105 181 -1 -1 -1 0
151 6 598 185 77 137 -1 -1 -1 0
151 7 1086 195 123 136 -1 -1 -1 0
151 8 519 335 145 213 -1 -1 -1 0
151 9 384 409 141 238 -1 -1 -1 0
151 10 131 244 150 171 -1 -1 -1 0
152 1 1071 250 129 196 -1 -1 -1 0
152 5 601 238 99 182 -1 -1 -1 0
152 6 537 176 99 139 -1 -1 -1 0
152 7 1070 187 95 128 -1 -1 -1 0
152 8 493 344 130 197 -1 -1 -1 0
152 9 418 412 103 255 -1 -1 -1 0
152 10 66 235 166 186 -1 -1 -1 0
153 1 1047 267 96 183 -1 -1 -1 0
153 5 545 242 104 186 -1 -1 -1 0
153 6 481 167 123 147 -1 -1 -1 0
153 7 988 181 123 133 -1 -1 -1 0
153 8 466 333 112 208 -1 -1 -1 0
153 9 369 415 155 272 -1 -1 -1 0
153 10 13 234 153 200 -1 -1 -1 0
154 1 982 262 103 181 -1 -1 -1 0
154 5 512 238 109 208 -1 -1 -1 0
154 6 465 178 82 144 -1 -1 -1 0
154 7 945 183 104 132 -1 -1 -1 0
154 8 375 334 144 203 -1 -1 -1 0
154 9 319 426 199 273 -1 -1 -1 0
154 10 6 233 91 206 -1 -1 -1 0
155 1 933 273 108 187 -1 -1 -1 0
155 5 495 248 72 196 -1 -1 -1 0
155 6 413 165 87 163 -1 -1 -1 0
155 7 923 181 69 127 -1 -1 -1 0
155 8 353 345 136 194 -1 -1 -1 0
155 9 423 438 115 276 -1 -1 -1 0
156 1 894 283 112 206 -1 -1 -1 0
156 2 1186 320 92 199 -1 -1 -1 0
156 5 432 245 121 188 -1 -1 -1 0
156 6 358 169 112 151 -1 -1 -1 0
156 7 858 172 95 138 -1 -1 -1 0
156 8 363 350 83 196 -1 -1 -1 0
156 9 431 435 131 278 -1 -1 -1 0
157 1 893 290 83 204 -1 -1 -1 0
157 2 1127 315 111 218 -1 -1 -1 0
157 5 410 247 140 196 -1 -1 -1 0
157 6 339 179 104 147 -1 -1 -1 0
157 7 811 176 121 138 -1 -1 -1 0
157 8 306 351 144 207 -1 -1 -1 0
157 9 454 441 126 276 -1 -1 -1 0
158 1 831 289 128 198 -1 -1 -1 0
158 2 1076 308 89 222 -1 -1 -1 0
158 3 1152 228 114 186 -1 -1 -1 0
158 5 400 247 129 208 -1 -1 -1 0
158 6 341 179 65 154 -1 -1 -1 0
158 7 806 176 92 142 -1 -1 -1 0
158 8 296 359 125 208 -1 -1 -1 0
158 9 506 460 93 253 -1 -1 -1 0
159 1 808 293 158 230 -1 -1 -1 0
159 2 1016 311 92 211 -1 -1 -1 0
159 3 1124 228 86 178 -1 -1 -1 0
159 5 417 255 105 204 -1 -1 -1 0
159 6 299 181 106 150 -1 -1 -1 0
159 7 779 173 100 143 -1 -1 -1 0
159 8 302 352 90 219 -1 -1 -1 0
159 9 539 473 89 243 -1 -1 -1 0
160 1 814 312 132 237 -1 -1 -1 0
160 2 960 313 115 207 -1 -1 -1 0
160 3 1090 229 68 172 -1 -1 -1 0
160 5 399 253 119 219 -1 -1 -1 0
160 6 281 188 127 147 -1 -1 -1 0
160 7 745 171 108 140 -1 -1 -1 0
160 8 261 343 134 216 -1 -1 -1 0
160 9 561 460 147 259 -1 -1 -1 0
161 1 835 324 126 222 -1 -1 -1 0
161 2 910 316 109 202 -1 -1 -1 0
161 3 1046 223 73 175 -1 -1 -1 0
161 5 398 268 123 201 -1 -1 -1 0
161 6 291 194 84 144 -1 -1 -1 0
161 7 737 179 92 136 -1 -1 -1 0
161 8 279 329 83 225 -1 -1 -1 0
161 9 605 459 140 258 -1 -1 -1 0
162 1 806 328 147 226 -1 -1 -1 0
162 2 873 310 92 197 -1 -1 -1 0
162 3 1009 224 78 171 -1 -1 -1 0
162 4 1144 254 118 204 -1 -1 -1 0
162 5 416 272 98 198 -1 -1 -1 0
162 6 281 196 86 144 -1 -1 -1 0
162 7 736 178 64 138 -1 -1 -1 0
162 8 253 328 96 217 -1 -1 -1 0
162 9 662 479 116 238 -1 -1 -1 0
163 1 820 331 181 238 -1 -1 -1 0
163 2 837 308 73 199 -1 -1 -1 0
163 3 978 222 68 162 -1 -1 -1 0
163 4 1087 238 99 202 -1 -1 -1 0
163 5 377 252 137 215 -1 -1 -1 0
163 6 253 196 116 145 -1 -1 -1 0
163 7 702 176 86 134 -1 -1 -1 0
163 8 218 330 138 195 -1 -1 -1 0
163 9 720 459 107 256 -1 -1 -1 0
164 1 871 343 111 238 -1 -1 -1 0
164 2 806 309 70 195 -1 -1 -1 0
164 3 946 228 75 155 -1 -1 -1 0
164 4 1042 235 77 193 -1 -1 -1 0
164 5 368 257 185 214 -1 -1 -1 0
164 6 275 202 78 141 -1 -1 -1 0
164 7 685 179 106 135 -1 -1 -1 0
164 8 233 339 113 189 -1 -1 -1 0
164 9 758 447 103 272 -1 -1 -1 0
165 1 881 343 109 233 -1 -1 -1 0
165 2 759 311 78 196 -1 -1 -1 0
165 3 915 227 73 145 -1 -1 -1 0
165 4 985 246 75 184 -1 -1 -1 0
165 5 379 276 153 205 -1 -1 -1 0
165 6 263 200 93 150 -1 -1 -1 0
165 7 692 184 82 131 -1 -1 -1 0
165 8 245 346 104 187 -1 -1 -1 0
165 9 799 450 95 266 -1 -1 -1 0
166 1 872 341 145 238 -1 -1 -1 0
166 2 735 313 59 184 -1 -1 -1 0
166 3 886 231 67 137 -1 -1 -1 0
166 4 927 250 78 172 -1 -1 -1 0
166 5 415 273 89 208 -1 -1 -1 0
166 6 251 194 107 144 -1 -1 -1 0
166 7 676 185 85 131 -1 -1 -1 0
166 8 210 342 141 178 -1 -1 -1 0
166 9 813 462 124 253 -1 -1 -1 0
167 1 920 353 123 242 -1 -1 -1 0
167 2 704 309 65 186 -1 -1 -1 0
167 3 860 239 56 126 -1 -1 -1 0
167 4 851 247 98 177 -1 -1 -1 0
167 5 425 267 84 215 -1 -1 -1 0
167 6 275 194 82 154 -1 -1 -1 0
167 7 652 190 107 128 -1 -1 -1 0
167 8 220 354 123 169 -1 -1 -1 0
167 9 855 450 107 266 -1 -1 -1 0
168 1 940 358 122 240 -1 -1 -1 0
168 2 682 305 57 186 -1 -1 -1 0
168 3 818 233 59 141 -1 -1 -1 0
168 4 795 224 84 179 -1 -1 -1 0
168 5 417 269 86 202 -1 -1 -1 0
168 6 285 203 66 157 -1 -1 -1 0
168 7 651 197 91 127 -1 -1 -1 0
168 8 262 361 90 167 -1 -1 -1 0
168 9 881 439 117 276 -1 -1 -1 0
169 1 936 357 125 247 -1 -1 -1 0
169 2 648 314 79 177 -1 -1 -1 0
169 3 794 224 56 142 -1 -1 -1 0
169 4 745 215 79 187 -1 -1 -1 0
169 5 400 281 121 195 -1 -1 -1 0
169 6 284 220 78 143 -1 -1 -1 0
169 7 669 198 60 125 -1 -1 -1 0
169 8 230 359 133 174 -1 -1 -1 0
169 9 918 446 113 267 -1 -1 -1 0
170 1 939 365 185 245 -1 -1 -1 0
170 2 624 324 100 172 -1 -1 -1 0
170 3 771 227 63 145 -1 -1 -1 0
170 4 696 220 79 175 -1 -1 -1 0
170 5 397 293 156 180 -1 -1 -1 0
170 6 255 226 135 137 -1 -1 -1 0
170 7 640 192 79 128 -1 -1 -1 0
170 8 243 366 147 174 -1 -1 -1 0
170 9 945 443 104 272 -1 -1 -1 0
171 1 1005 396 99 224 -1 -1 -1 0
171 2 594 327 110 169 -1 -1 -1 0
171 3 745 230 56 143 -1 -1 -1 0
171 4 649 248 97 137 -1 -1 -1 0
171 5 404 294 132 189 -1 -1 -1 0
171 6 270 244 107 128 -1 -1 -1 0
171 7 637 196 88 120 -1 -1 -1 0
171 8 275 374 94 163 -1 -1 -1 0
171 9 982 431 84 284 -1 -1 -1 0
172 1 1010 389 102 222 -1 -1 -1 0
172 2 571 320 118 173 -1 -1 -1 0
172 3 713 233 58 139 -1 -1 -1 0
172 4 613 259 89 143 -1 -1 -1 0
172 5 419 290 91 194 -1 -1 -1 0
172 6 299 242 85 124 -1 -1 -1 0
172 7 645 200 63 129 -1 -1 -1 0
172 8 273 369 111 164 -1 -1 -1 0
172 9 971 425 117 287 -1 -1 -1 0
173 1 993 380 158 209 -1 -1 -1 0
173 2 585 311 96 186 -1 -1 -1 0
173 3 687 231 55 131 -1 -1 -1 0
173 4 562 258 118 139 -1 -1 -1 0
173 5 424 276 82 196 -1 -1 -1 0
173 6 284 237 116 139 -1 -1 -1 0
173 7 636 202 54 118 -1 -1 -1 0
173 8 263 364 156 176 -1 -1 -1 0
173 9 989 418 126 293 -1 -1 -1 0
173 10 7 295 59 221 -1 -1 -1 0
174 1 995 383 145 215 -1 -1 -1 0
174 2 569 316 86 166 -1 -1 -1 0
174 3 663 223 60 136 -1 -1 -1 0
174 4 556 258 105 149 -1 -1 -1 0
174 5 426 281 100 196 -1 -1 -1 0
174 6 299 250 101 131 -1 -1 -1 0
174 7 626 201 53 116 -1 -1 -1 0
174 8 283 376 129 183 -1 -1 -1 0
174 9 996 425 136 277 -1 -1 -1 0
174 10 6 290 115 234 -1 -1 -1 0
175 1 1018 359 137 230 -1 -1 -1 0
175 2 557 317 94 164 -1 -1 -1 0
175 3 639 226 64 129 -1 -1 -1 0
175 4 553 258 74 131 -1 -1 -1 0
175 5 423 291 115 190 -1 -1 -1 0
175 6 326 239 59 140 -1 -1 -1 0
175 7 614 205 56 109 -1 -1 -1 0
175 8 323 373 85 186 -1 -1 -1 0
175 9 1058 411 94 290 -1 -1 -1 0
175 10 13 297 125 220 -1 -1 -1 0
176 1 1014 349 115 219 -1 -1 -1 0
176 2 553 322 113 162 -1 -1 -1 0
176 3 621 234 76 120 -1 -1 -1 0
176 4 530 259 91 138 -1 -1 -1 0
176 5 410 294 132 191 -1 -1 -1 0
176 6 330 235 62 141 -1 -1 -1 0
176 7 596 205 57 110 -1 -1 -1 0
176 8 315 370 119 200 -1 -1 -1 0
176 9 1067 398 90 296 -1 -1 -1 0
176 10 21 305 105 210 -1 -1 -1 0
177 1 1012 346 107 224 -1 -1 -1 0
177 2 538 328 131 158 -1 -1 -1 0
177 3 600 235 84 121 -1 -1 -1 0
177 4 517 269 102 134 -1 -1 -1 0
177 5 423 293 108 182 -1 -1 -1 0
177 6 336 237 83 147 -1 -1 -1 0
177 7 576 211 79 106 -1 -1 -1 0
177 8 312 380 147 201 -1 -1 -1 0
177 9 1074 401 110 280 -1 -1 -1 0
177 10 28 296 137 223 -1 -1 -1 0
178 1 1014 353 105 214 -1 -1 -1 0
178 2 565 320 84 172 -1 -1 -1 0
178 3 588 236 75 125 -1 -1 -1 0
178 4 493 267 109 124 -1 -1 -1 0
178 5 432 284 84 176 -1 -1 -1 0
178 6 349 247 91 138 -1 -1 -1 0
178 7 576 203 56 115 -1 -1 -1 0
178 8 353 386 105 204 -1 -1 -1 0
178 9 1104 407 95 281 -1 -1 -1 0
178 10 47 294 169 211 -1 -1 -1 0
179 1 1010 347 120 212 -1 -1 -1 0
179 2 576 316 75 175 -1 -1 -1 0
179 3 575 236 74 120 -1 -1 -1 0
179 4 490 268 92 121 -1 -1 -1 0
179 5 425 281 94 167 -1 -1 -1 0
179 6 353 259 82 128 -1 -1 -1 0
179 7 573 199 59 115 -1 -1 -1 0
179 8 368 385 97 201 -1 -1 -1 0
179 9 1121 394 85 282 -1 -1 -1 0
179 10 112 302 111 200 -1 -1 -1 0
180 1 1013 346 122 195 -1 -1 -1 0
180 2 595 317 75 177 -1 -1 -1 0
180 3 564 237 76 113 -1 -1 -1 0
180 4 488 273 103 129 -1 -1 -1 0
180 5 432 290 107 156 -1 -1 -1 0
180 6 353 263 73 120 -1 -1 -1 0
180 7 571 194 53 123 -1 -1 -1 0
180 8 376 389 132 198 -1 -1 -1 0
180 9 1106 383 139 248 -1 -1 -1 0
180 10 165 307 113 204 -1 -1 -1 0
181 1 1003 333 107 199 -1 -1 -1 0
181 2 608 328 93 166 -1 -1 -1 0
181 3 566 243 75 114 -1 -1 -1 0
181 4 445 273 152 121 -1 -1 -1 0
181 5 459 298 107 142 -1 -1 -1 0
181 6 356 268 87 119 -1 -1 -1 0
181 7 567 196 50 128 -1 -1 -1 0
181 8 414 403 113 195 -1 -1 -1 0
181 9 1118 385 147 246 -1 -1 -1 0
181 10 171 294 174 195 -1 -1 -1 0
182 1 1001 330 98 187 -1 -1 -1 0
182 2 623 337 109 166 -1 -1 -1 0
182 3 562 244 76 113 -1 -1 -1 0
182 4 445 263 145 133 -1 -1 -1 0
182 5 464 298 107 145 -1 -1 -1 0
182 6 359 271 82 115 -1 -1 -1 0
182 7 562 201 70 112 -1 -1 -1 0
182 8 446 406 86 206 -1 -1 -1 0
182 9 1163 390 101 243 -1 -1 -1 0
182 10 240 310 126 179 -1 -1 -1 0
183 1 1000 328 88 176 -1 -1 -1 0
183 2 629 332 110 174 -1 -1 -1 0
183 3 561 240 77 123 -1 -1 -1 0
183 4 444 258 134 145 -1 -1 -1 0
183 5 486 290 88 156 -1 -1 -1 0
183 6 366 269 72 120 -1 -1 -1 0
183 7 564 211 66 104 -1 -1 -1 0
183 8 457 408 136 204 -1 -1 -1 0
183 9 1206 379 70 249 -1 -1 -1 0
183 10 313 302 87 188 -1 -1 -1 0
184 1 993 326 99 181 -1 -1 -1 0
184 2 649 322 88 184 -1 -1 -1 0
184 3 570 241 62 120 -1 -1 -1 0
184 4 439 270 130 126 -1 -1 -1 0
184 5 503 285 79 158 -1 -1 -1 0
184 6 371 267 74 121 -1 -1 -1 0
184 7 566 207 61 108 -1 -1 -1 0
184 8 472 412 128 203 -1 -1 -1 0
184 9 1227 373 52 258 -1 -1 -1 0
184 10 340 290 120 186 -1 -1 -1 0
185 1 999 324 76 181 -1 -1 -1 0
185 2 658 320 90 187 -1 -1 -1 0
185 3 572 244 61 116 -1 -1 -1 0
185 4 451 277 117 116 -1 -1 -1 0
185 5 523 290 86 149 -1 -1 -1 0
185 6 370 269 67 116 -1 -1 -1 0
185 7 567 202 65 109 -1 -1 -1 0
185 8 516 416 101 204 -1 -1 -1 0
185 10 373 292 159 175 -1 -1 -1 0
186 1 1000 324 77 179 -1 -1 -1 0
186 2 662 325 115 184 -1 -1 -1 0
186 3 567 238 69 119 -1 -1 -1 0
186 4 461 275 107 121 -1 -1 -1 0
186 5 533 289 105 154 -1 -1 -1 0
186 6 362 266 71 117 -1 -1 -1 0
186 7 571 202 61 119 -1 -1 -1 0
186 8 544 404 83 218 -1 -1 -1 0
186 10 436 296 131 173 -1 -1 -1 0
187 1 1004 317 71 175 -1 -1 -1 0
187 2 658 348 138 164 -1 -1 -1 0
187 3 571 239 70 112 -1 -1 -1 0
187 4 453 281 112 134 -1 -1 -1 0
187 5 551 291 93 153 -1 -1 -1 0
187 6 356 266 76 119 -1 -1 -1 0
187 7 573 202 61 113 -1 -1 -1 0
187 8 561 407 101 217 -1 -1 -1 0
187 10 510 289 71 183 -1 -1 -1 0
188 1 1007 298 70 187 -1 -1 -1 0
188 2 658 359 143 163 -1 -1 -1 0
188 3 579 240 66 115 -1 -1 -1 0
188 4 451 276 111 129 -1 -1 -1 0
188 5 574 281 79 160 -1 -1 -1 0
188 6 345 259 82 126 -1 -1 -1 0
188 7 579 203 55 114 -1 -1 -1 0
188 8 591 416 90 208 -1 -1 -1 0
188 10 548 289 77 161 -1 -1 -1 0
189 1 1014 299 65 181 -1 -1 -1 0
189 2 663 363 121 165 -1 -1 -1 0
189 3 579 237 61 122 -1 -1 -1 0
189 4 456 277 107 126 -1 -1 -1 0
189 5 601 273 73 177 -1 -1 -1 0
189 6 333 257 88 129 -1 -1 -1 0
189 7 574 203 58 117 -1 -1 -1 0
189 8 606 423 108 208 -1 -1 -1 0
189 10 575 286 81 171 -1 -1 -1 0
190 1 1014 295 72 179 -1 -1 -1 0
190 2 671 363 82 170 -1 -1 -1 0
190 3 581 231 64 123 -1 -1 -1 0
190 4 449 272 112 131 -1 -1 -1 0
190 5 628 268 63 169 -1 -1 -1 0
190 6 336 253 77 133 -1 -1 -1 0
190 7 571 202 53 115 -1 -1 -1 0
190 8 622 429 124 207 -1 -1 -1 0
190 10 605 290 77 169 -1 -1 -1 0
191 1 1019 305 69 162 -1 -1 -1 0
191 2 671 373 78 154 -1 -1 -1 0
191 3 580 232 60 124 -1 -1 -1 0
191 4 455 274 105 135 -1 -1 -1 0
191 5 643 270 68 178 -1 -1 -1 0
191 6 327 254 75 141 -1 -1 -1 0
191 7 572 202 56 115 -1 -1 -1 0
191 8 646 439 109 202 -1 -1 -1 0
191 10 622 282 80 164 -1 -1 -1 0
192 1 1023 299 61 168 -1 -1 -1 0
192 2 656 373 88 151 -1 -1 -1 0
192 3 582 236 63 122 -1 -1 -1 0
192 4 443 280 122 127 -1 -1 -1 0
192 5 668 283 111 158 -1 -1 -1 0
192 6 330 264 69 129 -1 -1 -1 0
192 7 575 207 49 111 -1 -1 -1 0
192 8 657 441 103 205 -1 -1 -1 0
192 10 645 284 77 153 -1 -1 -1 0
193 1 1023 299 65 172 -1 -1 -1 0
193 2 656 366 86 167 -1 -1 -1 0
193 3 578 233 60 126 -1 -1 -1 0
193 4 445 281 116 131 -1 -1 -1 0
193 5 695 293 100 148 -1 -1 -1 0
193 6 332 263 74 131 -1 -1 -1 0
193 7 573 208 54 107 -1 -1 -1 0
193 8 666 432 94 207 -1 -1 -1 0
193 10 655 291 109 158 -1 -1 -1 0
194 1 1021 300 84 171 -1 -1 -1 0
194 2 647 363 95 162 -1 -1 -1 0
194 3 573 234 67 119 -1 -1 -1 0
194 4 446 281 116 125 -1 -1 -1 0
194 5 699 285 93 157 -1 -1 -1 0
194 6 339 256 71 142 -1 -1 -1 0
194 7 566 217 58 101 -1 -1 -1 0
194 8 678 433 85 207 -1 -1 -1 0
194 10 657 293 101 157 -1 -1 -1 0
195 1 1023 310 91 164 -1 -1 -1 0
195 2 639 355 97 155 -1 -1 -1 0
195 3 571 233 72 117 -1 -1 -1 0
195 4 448 276 114 131 -1 -1 -1 0
195 5 700 283 92 153 -1 -1 -1 0
195 6 340 252 88 137 -1 -1 -1 0
195 7 540 215 85 101 -1 -1 -1 0
195 8 676 428 87 209 -1 -1 -1 0
195 10 653 276 99 170 -1 -1 -1 0
196 1 1021 320 98 167 -1 -1 -1 0
196 2 620 356 108 158 -1 -1 -1 0
196 3 575 233 65 117 -1 -1 -1 0
196 4 449 268 109 136 -1 -1 -1 0
196 5 694 278 98 165 -1 -1 -1 0
196 6 338 249 98 135 -1 -1 -1 0
196 7 531 222 85 100 -1 -1 -1 0
196 8 667 437 96 207 -1 -1 -1 0
196 10 640 257 91 184 -1 -1 -1 0
197 1 1015 326 108 166 -1 -1 -1 0
197 2 619 352 108 159 -1 -1 -1 0
197 3 566 248 74 111 -1 -1 -1 0
197 4 462 263 96 135 -1 -1 -1 0
197 5 688 277 103 164 -1 -1 -1 0
197 6 331 248 107 131 -1 -1 -1 0
197 7 531 225 95 100 -1 -1 -1 0
197 8 671 433 92 205 -1 -1 -1 0
197 10 628 252 86 176 -1 -1 -1 0
198 1 1019 331 101 155 -1 -1 -1 0
198 2 611 347 108 173 -1 -1 -1 0
198 3 553 242 87 111 -1 -1 -1 0
198 4 471 267 90 126 -1 -1 -1 0
198 5 677 280 115 164 -1 -1 -1 0
198 6 334 243 113 133 -1 -1 -1 0
198 7 519 219 95 109 -1 -1 -1 0
198 8 658 433 95 206 -1 -1 -1 0
198 10 610 254 94 179 -1 -1 -1 0
199 1 1025 333 94 156 -1 -1 -1 0
199 2 605 349 112 168 -1 -1 -1 0
199 3 543 243 106 107 -1 -1 -1 0
199 4 465 267 95 130 -1 -1 -1 0
199 5 668 282 109 154 -1 -1 -1 0
199 6 355 249 98 118 -1 -1 -1 0
199 7 511 212 93 112 -1 -1 -1 0
199 8 653 432 87 200 -1 -1 -1 0
199 10 581 262 97 182 -1 -1 -1 0
200 1 1008 328 101 164 -1 -1 -1 0
200 2 598 350 103 164 -1 -1 -1 0
200 3 555 240 72 104 -1 -1 -1 0
200 4 456 263 97 133 -1 -1 -1 0
200 5 646 271 107 161 -1 -1 -1 0
200 6 389 246 73 122 -1 -1 -1 0
200 7 513 216 67 108 -1 -1 -1 0
200 8 640 441 94 192 -1 -1 -1 0
200 10 540 284 122 162 -1 -1 -1 0
